<sep> 249999
12 97064
29 86586
19 50175
23 33187
16 28806
11 27485
10 26630
9 24252
32 14459
39 14075
161 13878
48 12707
126 12533
243 11372
43 11099
106 10141
5 9866
6 9403
8 9146
72 9138
13 8992
283 8951
66 8885
282 8604
370 7833
459 7770
28 7751
317 7483
62 7279
247 7210
76 7052
140 6979
50 6887
46 6798
276 6753
169 6556
80 6388
47 6281
59 6168
202 6137
300 6120
217 5857
45 5577
127 5464
134 5369
426 5368
431 5356
536 5268
67 5171
230 5081
447 5052
133 4980
24 4965
52 4836
522 4726
533 4606
227 4416
251 4338
432 4326
226 4290
253 4224
453 4192
168 4103
358 4083
25 3917
629 3917
176 3839
272 3784
267 3780
462 3635
55 3614
102 3568
153 3501
79 3453
421 3430
173 3371
130 3360
334 3350
524 3239
101 3215
347 3206
335 3182
525 3161
44 3062
360 3059
200 2998
107 2987
53 2985
592 2962
163 2929
647 2923
485 2911
246 2859
254 2844
433 2825
574 2735
146 2733
142 2728
304 2728
478 2724
128 2722
344 2704
70 2656
58 2593
518 2566
275 2547
180 2545
725 2517
177 2478
229 2465
248 2429
122 2422
232 2336
451 2329
56 2325
882 2321
114 2312
312 2295
263 2293
212 2289
444 2278
68 2229
1006 2227
118 2205
481 2203
470 2202
782 2199
249 2198
457 2130
213 2125
115 2100
1017 2099
355 2091
837 2067
4 2062
90 2033
35 2003
49 1988
192 1983
415 1976
379 1973
307 1958
33 1957
108 1924
162 1920
193 1888
456 1876
158 1859
800 1802
422 1796
342 1784
416 1776
159 1757
116 1745
348 1741
455 1735
2 1722
87 1701
541 1693
83 1692
120 1691
172 1677
74 1668
903 1664
65 1657
718 1649
472 1570
296 1556
208 1551
252 1544
454 1544
223 1529
215 1522
941 1515
565 1470
698 1469
222 1467
135 1450
228 1449
34 1434
546 1432
3 1428
285 1427
1188 1417
69 1408
279 1384
785 1374
314 1369
394 1366
794 1358
773 1353
606 1351
313 1350
277 1347
595 1337
42 1331
781 1324
336 1317
264 1314
350 1307
121 1298
354 1288
14 1282
618 1268
92 1261
552 1259
922 1254
266 1239
813 1235
220 1220
366 1217
1195 1216
1475 1215
634 1187
553 1186
448 1174
75 1169
776 1133
345 1128
124 1122
221 1121
1124 1117
329 1115
917 1099
390 1096
117 1083
392 1081
935 1078
1642 1070
274 1062
471 1062
406 1059
332 1043
442 1038
535 1031
521 1028
311 1027
804 1019
353 1017
82 1009
548 1006
771 1003
540 1001
467 999
1596 996
330 994
511 993
1299 987
255 979
189 974
812 972
757 969
89 968
818 963
583 962
499 961
31 959
435 949
57 949
147 943
1652 943
434 943
1203 938
1012 936
819 932
331 931
476 928
309 918
787 917
141 911
532 909
571 908
338 907
594 907
41 903
464 897
1259 886
191 880
1053 878
579 878
762 872
136 871
1661 868
1002 855
299 854
971 842
665 838
831 838
398 833
396 822
308 820
73 820
260 814
361 813
333 807
1003 800
635 800
2319 797
71 796
297 795
495 795
1277 794
561 792
295 789
918 788
93 781
1499 780
439 779
250 777
1592 773
119 772
461 769
691 768
131 765
175 765
209 762
224 761
187 758
241 757
1227 745
494 743
550 742
1644 738
591 738
615 728
1584 725
328 725
1555 722
915 715
938 714
2162 709
473 708
657 708
240 706
678 705
1178 704
86 697
734 693
964 683
965 682
424 678
854 678
1182 675
137 675
643 674
1359 669
365 664
477 663
575 661
138 656
1004 655
440 655
956 649
623 648
280 647
538 642
692 641
933 641
1319 635
519 635
1051 632
1430 632
380 632
63 631
132 629
671 629
998 627
94 626
1024 625
705 625
806 620
145 618
1192 617
1021 614
1068 614
1338 614
505 613
981 607
236 603
373 603
988 599
1864 596
1352 592
889 591
1290 589
1325 588
337 588
641 588
1110 586
37 580
1645 578
403 577
578 577
322 575
711 574
878 567
341 565
739 564
690 563
1426 561
233 560
1104 559
1593 558
652 556
853 556
1162 555
290 552
36 551
382 550
98 544
836 543
3034 542
40 540
1032 537
1042 536
761 534
1236 533
783 532
1100 530
1759 530
646 530
1640 529
675 526
989 525
123 523
829 523
1101 522
1038 519
1130 519
302 518
239 517
190 515
1263 513
626 512
707 510
706 508
875 507
1377 505
539 504
830 504
861 501
1365 500
1133 498
2643 497
884 497
2169 495
291 495
689 494
542 493
611 492
599 490
612 490
669 490
753 490
395 488
790 488
389 486
852 486
940 485
1698 484
1495 479
862 479
850 478
1958 477
1347 475
315 475
526 473
1174 471
1326 470
1619 470
683 470
270 468
466 465
662 465
810 462
1425 461
507 461
1 460
423 460
413 459
920 459
2538 457
1570 456
157 450
1329 448
405 448
196 447
468 447
1226 446
1424 445
1680 445
949 445
1249 444
2641 444
292 443
1364 442
2124 442
990 442
1512 440
319 440
113 438
352 438
1209 437
1311 435
265 434
437 433
1097 431
1275 430
359 430
262 429
77 429
736 427
1310 426
1582 424
357 424
178 423
1847 423
1635 420
566 420
1522 419
1575 418
984 418
1132 417
1153 417
601 415
887 412
914 412
1574 411
1239 410
237 410
1107 409
1286 409
20 409
864 406
895 405
909 403
1129 399
1135 399
2260 399
799 399
588 398
749 398
1397 396
474 396
397 395
916 395
1223 394
590 394
593 393
760 391
1121 389
1667 389
679 389
719 388
99 388
1600 387
374 386
1536 384
493 383
1027 382
1403 382
2213 381
921 379
1274 377
653 377
744 376
784 375
310 373
1059 372
2006 372
500 372
367 370
881 370
91 368
156 367
877 367
1405 366
148 366
808 366
823 366
30 365
2175 364
491 364
1228 363
693 363
1675 362
980 362
1935 361
788 361
261 360
625 359
723 359
1370 357
573 357
144 356
483 355
642 355
1013 354
1287 352
95 352
225 351
969 351
1193 350
1648 347
1794 346
955 344
1160 343
945 343
1525 342
1496 341
979 341
817 338
826 338
1903 337
1087 336
1207 336
1245 336
1085 335
1048 334
1758 334
2415 334
369 332
1089 331
197 331
684 331
798 331
1141 330
2483 330
281 329
2420 325
919 324
1431 323
2436 323
947 322
105 321
2037 321
1440 319
1154 318
349 317
356 316
1928 314
741 314
1610 313
609 313
1322 312
458 312
1446 311
1732 311
682 311
1361 310
1213 309
1493 308
1803 308
674 306
2089 305
2418 305
661 305
7 305
1050 304
2113 303
2583 303
1168 302
166 302
849 302
2636 301
2879 300
602 300
534 298
598 298
672 298
1438 297
824 297
904 297
1116 296
708 295
1556 294
767 294
1094 293
1491 293
81 292
880 292
959 292
2283 290
1553 289
568 289
1125 288
1453 287
2059 287
2170 287
1366 286
1770 286
1899 286
1268 285
2732 285
2351 283
2421 283
1389 282
506 280
754 280
100 278
613 278
972 278
1478 276
288 276
531 275
603 274
1497 273
1934 273
231 273
64 273
885 273
1786 272
393 271
411 270
722 270
1506 268
1545 268
1622 268
1769 268
371 268
155 267
1001 266
149 266
1282 265
856 265
475 262
503 262
2208 260
961 260
640 259
859 259
966 259
729 258
517 256
1041 255
2909 255
822 254
1324 253
1534 253
2290 253
1479 252
888 252
1894 251
2008 251
438 251
1822 250
873 250
1461 248
327 248
1394 247
1476 247
1706 247
1760 247
1581 245
1170 244
1080 243
1450 243
502 243
1588 241
1868 241
1881 241
235 240
777 240
1092 239
2197 239
2210 239
97 239
1568 238
2066 238
649 238
1649 237
2250 237
301 237
650 237
1985 235
2041 235
1022 234
1235 234
174 233
2434 233
3284 233
942 233
3444 232
1618 231
2409 230
408 230
710 229
1009 228
1233 227
772 227
1139 226
1231 226
554 226
586 226
648 225
1470 224
1993 224
2187 224
2448 222
991 222
1415 221
1811 221
1842 221
1354 220
2023 220
907 220
1401 219
449 219
928 219
1206 218
3917 217
809 217
811 217
1105 216
1723 216
1057 214
1763 213
1666 212
1804 212
726 212
986 212
1134 211
1819 211
2334 211
3173 210
770 210
899 210
1877 209
2235 209
3381 209
1272 208
186 208
3289 208
381 208
1307 207
1832 207
323 207
732 207
2460 205
1190 203
1500 203
497 202
1603 201
181 200
214 200
1267 199
2229 199
508 199
559 199
644 199
1383 198
1918 198
3452 198
482 198
520 198
1378 197
614 197
2363 196
523 196
1345 195
2764 195
384 195
479 195
22 194
1353 193
1801 191
428 191
2042 190
2198 190
1854 189
412 189
446 188
54 188
109 187
1331 187
1643 187
1672 187
1701 187
2069 187
1276 186
963 186
1787 185
1883 185
1106 184
1870 184
962 184
1564 183
2172 183
2612 183
78 183
832 183
2575 182
2746 182
378 182
2820 181
655 181
1948 180
2000 180
1145 179
1517 179
1990 179
1300 178
1411 178
1445 178
1780 178
194 178
2349 178
1793 177
2038 177
15 175
2572 175
443 175
486 175
567 175
651 175
687 175
1158 174
1164 174
840 174
906 174
1295 173
1551 173
2945 173
3882 173
3331 172
866 172
1058 171
1662 171
2046 171
21 171
3478 171
60 171
1693 170
3171 170
608 170
620 170
791 170
1252 169
1323 169
2328 169
704 169
897 169
925 169
1198 168
1448 168
2214 168
636 168
1016 167
2047 167
216 167
967 167
589 166
624 166
170 165
3931 165
512 165
1613 164
560 164
600 164
855 164
1332 163
1507 163
1812 163
2601 163
673 163
205 162
2487 162
4108 162
750 162
1211 161
1421 161
1653 161
1798 161
2309 161
3026 161
968 161
1654 160
1789 160
1988 160
1396 159
1636 159
2116 159
2471 159
1180 158
1219 158
164 158
2403 158
2595 158
977 158
1650 157
1660 157
218 157
937 157
1075 156
110 156
1562 156
179 156
219 156
2667 156
2885 156
1025 155
1251 155
1576 155
2111 155
286 154
632 154
745 154
779 154
792 154
795 154
1063 153
2992 153
465 152
1045 151
1208 151
1210 151
1632 151
1756 151
758 151
1201 150
1466 150
1795 150
376 150
872 150
1943 149
427 149
926 149
1183 148
1376 148
2056 148
2570 148
740 148
1123 147
3138 147
463 147
958 147
1724 146
2280 146
3544 146
4942 146
851 146
1047 145
1731 145
2022 145
2681 144
2706 144
2828 144
3087 144
2109 143
821 143
844 143
1242 142
1294 142
1363 142
1467 142
2306 142
2401 142
2807 142
2816 142
3092 142
3096 142
3361 142
3950 142
3702 141
923 141
104 140
1109 140
1514 140
2611 140
3093 140
3105 140
515 140
664 140
1388 139
1527 139
2181 139
2600 139
2918 139
3492 139
709 139
999 139
1316 138
1368 138
1509 138
1907 138
2039 138
2080 138
2590 138
2604 138
3024 138
4079 138
551 138
1685 137
3750 137
1391 136
1583 136
2346 136
2536 136
4262 136
4622 136
1184 135
1671 135
2765 135
2535 134
3828 134
3856 134
1008 133
1381 133
1577 133
2114 133
2122 133
2655 133
326 133
3270 133
2029 132
2126 132
2454 132
2731 132
828 132
838 132
1248 131
1878 131
3271 131
372 131
954 131
975 131
1163 130
1651 130
1745 130
2125 130
2464 130
2470 130
2704 130
2779 130
805 130
1243 129
2065 129
2098 129
2613 129
269 129
1559 128
2354 128
2580 128
318 128
724 128
939 128
1019 127
1518 127
154 127
2067 127
441 127
242 126
2679 126
2707 126
543 126
630 126
1055 125
1205 125
1817 125
2527 125
2687 125
4635 125
1011 124
1816 124
2317 124
287 124
3804 124
429 124
436 124
890 124
3016 123
751 123
1414 122
1728 122
584 122
1035 121
3151 121
340 121
484 121
825 121
973 121
1456 120
1699 120
185 120
1872 120
2269 120
2316 120
2682 120
1367 119
1913 119
211 119
2776 119
2799 119
2860 119
1072 118
1088 118
1834 118
2102 118
2996 118
3329 118
402 118
766 118
1526 117
1572 117
1696 117
848 117
871 117
1465 116
18 116
188 116
2375 116
2407 116
2616 116
324 116
3639 116
4681 116
1328 115
1684 115
1774 115
2119 115
1061 114
3919 114
1302 113
1362 113
1382 113
1615 113
1665 113
1839 113
1967 113
2813 113
2921 113
3308 113
3617 113
1015 112
1422 112
1473 112
1851 112
2152 112
2347 112
2463 112
3669 112
5168 112
670 111
1144 110
681 110
702 110
3479 109
4141 109
1656 108
1747 108
1920 108
2327 108
4727 108
1128 107
1200 107
1333 107
1501 107
1605 107
1919 107
2075 107
2177 107
2692 107
3474 107
1705 106
1788 106
2191 106
3013 106
3954 106
1688 105
2017 105
645 105
759 105
1186 104
1597 104
1647 104
3620 104
3714 104
3829 104
803 104
886 104
1278 103
2061 103
2680 103
2882 103
4091 103
883 103
1031 102
1626 102
1687 102
1829 102
3402 102
582 102
948 102
1037 101
1222 101
2835 101
2949 101
4682 101
489 101
1682 100
2073 100
3043 100
469 100
727 100
1567 99
2121 99
3604 99
5070 99
514 99
676 99
993 99
1412 98
1739 98
2178 98
2343 98
2693 98
3224 98
3470 98
4224 98
545 98
1585 97
1646 97
1858 97
1905 97
1995 97
2769 97
2988 97
386 97
5307 97
802 97
1054 96
1398 96
1710 96
2281 96
2288 96
3175 96
3738 96
417 96
3315 95
3667 95
738 95
1194 94
1264 94
1954 94
1996 94
2540 94
3748 94
622 94
1387 93
17 93
1729 93
1911 93
2148 93
2209 93
2397 93
2573 93
3062 93
3543 93
363 93
3797 93
4160 93
4369 93
1802 92
1857 92
203 92
2077 92
2718 92
3074 92
4092 92
527 92
139 91
1805 91
1906 91
2027 91
2115 91
2117 91
2308 91
278 91
2987 91
4207 91
4252 91
528 91
953 91
985 91
1283 90
1504 90
2176 90
2906 90
3641 90
4894 90
5066 90
5249 90
1874 89
256 89
2912 89
3248 89
3611 89
4324 89
1462 88
1488 88
2011 88
2030 88
2320 88
2513 88
2585 88
3123 88
3215 88
420 88
1336 87
1676 87
2358 87
2658 87
2984 87
3581 87
3724 87
3918 87
4337 87
1036 86
1142 86
2272 86
2615 86
2773 86
2789 86
3041 86
3116 86
4000 86
5257 86
2289 85
2449 85
2785 85
2957 85
3143 85
4015 85
5158 85
879 85
1256 84
1416 84
1464 84
2060 84
2074 84
2408 84
2504 84
2629 84
2864 84
3276 84
3498 84
4230 84
4781 84
680 84
715 84
960 84
995 84
1147 83
2105 83
2833 83
3316 83
3747 83
480 83
4891 83
5553 83
6269 83
633 83
1014 82
1321 82
1443 82
1637 82
2369 82
2501 82
2940 82
4226 82
425 82
1189 81
1624 81
2392 81
4019 81
569 81
6461 81
1358 80
1520 80
1718 80
2142 80
2405 80
271 80
2795 80
3141 80
5145 80
5624 80
5912 80
5980 80
876 80
2005 79
2156 79
2560 79
2806 79
2819 79
3168 79
4468 79
450 79
4596 79
5194 79
6002 79
1543 78
3253 78
3964 78
5325 78
6100 78
797 78
1260 77
1379 77
1625 77
1929 77
2357 77
2361 77
2630 77
273 77
3343 77
3359 77
3368 77
487 77
501 77
5439 77
544 77
1034 76
1400 76
1528 76
1702 76
1730 76
2082 76
3494 76
3898 76
580 76
931 76
1023 75
1998 75
2192 75
2850 75
320 75
3502 75
3920 75
4068 75
4325 75
5354 75
6755 75
7106 75
8092 75
1463 74
2461 74
2534 74
2866 74
3701 74
3814 74
4136 74
4175 74
728 74
1007 73
1120 73
1304 73
1560 73
160 73
1664 73
1833 73
2101 73
234 73
2745 73
2775 73
3220 73
3250 73
3340 73
3375 73
339 73
748 73
857 73
1320 72
1369 72
1814 72
1979 72
2190 72
2230 72
2291 72
2333 72
2411 72
2488 72
2598 72
2626 72
2656 72
2979 72
3162 72
3679 72
460 72
4691 72
4749 72
5105 72
572 72
1136 71
1185 71
151 71
1748 71
2045 71
2472 71
2973 71
4169 71
4299 71
4858 71
730 71
775 71
1548 70
171 70
1914 70
1972 70
2019 70
2282 70
2400 70
2830 70
3514 70
3871 70
5531 70
5967 70
796 70
842 70
1046 69
1181 69
1902 69
2241 69
2727 69
3970 69
4195 69
488 69
5312 69
1293 68
1468 68
1835 68
204 68
2292 68
2444 68
2647 68
2845 68
3055 68
3277 68
3536 68
3559 68
383 68
4206 68
4728 68
5138 68
537 68
577 68
96 68
1093 67
1503 67
1976 67
2356 67
2878 67
3056 67
3360 67
3387 67
3421 67
3525 67
4163 67
4558 67
4803 67
5227 67
970 67
1212 66
1523 66
1970 66
2676 66
3015 66
3158 66
3883 66
4455 66
5198 66
5496 66
616 66
1119 65
1177 65
1202 65
1224 65
1547 65
1762 65
2437 65
2532 65
2610 65
2651 65
2728 65
3614 65
4097 65
4149 65
4172 65
4454 65
596 65
610 65
1049 64
1306 64
1472 64
1617 64
1686 64
1897 64
1927 64
2502 64
2688 64
3803 64
3993 64
558 64
6591 64
833 64
913 64
929 64
944 64
1103 63
1280 63
1697 63
1709 63
1974 63
2064 63
2332 63
2686 63
2740 63
298 63
3135 63
3708 63
3761 63
3778 63
4026 63
4159 63
4405 63
509 63
530 63
5808 63
1137 62
1386 62
1594 62
1694 62
1796 62
2034 62
2040 62
2107 62
2244 62
2424 62
2865 62
321 62
3351 62
3757 62
3860 62
4261 62
4338 62
4834 62
4964 62
5171 62
617 62
934 62
1060 61
1173 61
1452 61
1515 61
1776 61
2150 61
2596 61
2805 61
2969 61
3378 61
351 61
3608 61
3610 61
3815 61
3885 61
419 61
4355 61
4814 61
847 61
930 61
1240 60
1658 60
1915 60
2129 60
2165 60
2204 60
2427 60
2646 60
2839 60
2991 60
3186 60
3322 60
3709 60
4012 60
4154 60
4229 60
5084 60
6656 60
816 60
867 60
1244 59
1337 59
1853 59
1940 59
2053 59
2173 59
2743 59
3458 59
4119 59
5178 59
587 59
7984 59
1056 58
1166 58
1317 58
1657 58
1904 58
1978 58
2076 58
2146 58
2533 58
2550 58
3027 58
3100 58
3612 58
3653 58
3978 58
4485 58
4595 58
1159 57
1292 57
1609 57
1764 57
1773 57
1785 57
1999 57
2305 57
2670 57
2763 57
2810 57
3094 57
3129 57
3139 57
3390 57
3526 57
3675 57
4409 57
4883 57
5255 57
5293 57
6124 57
667 57
893 57
976 57
1314 56
1532 56
1563 56
1566 56
165 56
1949 56
2010 56
2130 56
2475 56
2511 56
2530 56
2631 56
3927 56
4031 56
5103 56
5264 56
8494 56
1146 55
1330 55
1484 55
150 55
1540 55
1712 55
1716 55
2414 55
2555 55
3083 55
3376 55
3417 55
3649 55
3722 55
4641 55
4652 55
5653 55
5986 55
6788 55
1196 54
1309 54
1711 54
2138 54
2567 54
2622 54
293 54
3204 54
3588 54
3760 54
4420 54
4634 54
4704 54
5665 54
5922 54
7577 54
786 54
835 54
896 54
1079 53
1095 53
1230 53
1284 53
1346 53
1704 53
2090 53
2261 53
2295 53
2627 53
2690 53
2757 53
3465 53
3515 53
3891 53
4025 53
4416 53
4986 53
5406 53
5787 53
686 53
1157 52
1187 52
1296 52
1741 52
2315 52
2561 52
2796 52
2994 52
3925 52
4113 52
4580 52
5238 52
5300 52
5757 52
6853 52
841 52
1150 51
1417 51
1791 51
1792 51
1800 51
1931 51
1946 51
2304 51
2355 51
2876 51
3032 51
3221 51
3755 51
3766 51
4148 51
4440 51
5344 51
547 51
6237 51
103 50
1084 50
1221 50
1266 50
1579 50
1831 50
1852 50
1945 50
2002 50
2164 50
2193 50
2625 50
27 50
2842 50
2989 50
3154 50
3285 50
3450 50
399 50
4046 50
4557 50
4697 50
529 50
562 50
1052 49
1746 49
2013 49
2144 49
2515 49
2531 49
2609 49
2774 49
2856 49
2978 49
3070 49
3431 49
4201 49
4223 49
4456 49
4517 49
452 49
5479 49
5669 49
621 49
6306 49
1040 48
1395 48
2232 48
2297 48
2447 48
2869 48
2930 48
2954 48
2974 48
2995 48
3052 48
3176 48
3363 48
3652 48
3655 48
3659 48
3830 48
3960 48
4011 48
4183 48
4317 48
4642 48
4710 48
5396 48
6030 48
6936 48
7451 48
996 48
1118 47
1305 47
1533 47
1818 47
2007 47
2246 47
2255 47
2417 47
2429 47
2505 47
3370 47
3407 47
3782 47
3835 47
4089 47
4106 47
4249 47
5137 47
6749 47
8040 47
860 47
1074 46
1138 46
1220 46
1265 46
1350 46
1407 46
1469 46
1498 46
1655 46
1715 46
1719 46
2374 46
2574 46
258 46
2694 46
2818 46
2826 46
3086 46
3193 46
3318 46
3446 46
3775 46
3902 46
3936 46
4258 46
4288 46
5311 46
5910 46
1126 45
129 45
1315 45
1342 45
1573 45
1669 45
1790 45
1909 45
1932 45
2216 45
2399 45
2419 45
2542 45
2831 45
2938 45
2950 45
2952 45
3159 45
3183 45
3247 45
3385 45
4227 45
4818 45
6468 45
952 45
1117 44
1298 44
1402 44
1884 44
2158 44
2301 44
2423 44
2546 44
2568 44
2753 44
2872 44
3025 44
3037 44
3112 44
3127 44
4374 44
4600 44
4666 44
4743 44
4958 44
5097 44
5330 44
5401 44
5628 44
5652 44
5775 44
742 44
898 44
1091 43
1289 43
1374 43
1460 43
1844 43
2174 43
2221 43
2224 43
2402 43
3577 43
3589 43
3625 43
3916 43
3983 43
4056 43
410 43
4110 43
4593 43
4648 43
5275 43
6442 43
6647 43
7043 43
7077 43
7215 43
737 43
1077 42
1175 42
1455 42
1530 42
2160 42
2323 42
2496 42
2768 42
306 42
3296 42
3535 42
3897 42
5054 42
5200 42
5397 42
6418 42
6855 42
7538 42
807 42
1513 41
1542 41
1544 41
1602 41
1623 41
1895 41
2202 41
2336 41
2557 41
2581 41
2841 41
3451 41
3790 41
3896 41
4327 41
4474 41
4790 41
4791 41
5285 41
6604 41
7558 41
7898 41
7931 41
111 40
1197 40
1281 40
1373 40
1516 40
1537 40
1546 40
1808 40
1871 40
1890 40
1933 40
2099 40
2366 40
2478 40
2484 40
2642 40
2724 40
2838 40
3410 40
3504 40
3661 40
3676 40
3726 40
3743 40
3923 40
414 40
4610 40
4672 40
5095 40
5253 40
5600 40
581 40
5906 40
5965 40
6473 40
1083 39
1474 39
1923 39
2108 39
2143 39
2179 39
2412 39
2695 39
2700 39
2736 39
2870 39
2904 39
2947 39
3009 39
3217 39
3499 39
3776 39
3909 39
3957 39
4552 39
4565 39
4636 39
4640 39
4909 39
5472 39
6638 39
6926 39
7330 39
8313 39
992 39
1070 38
1115 38
1270 38
1335 38
1372 38
1490 38
1880 38
2051 38
2234 38
2556 38
2578 38
2725 38
2800 38
2801 38
2824 38
3071 38
3149 38
3327 38
3342 38
3672 38
3705 38
3806 38
3943 38
3969 38
3982 38
401 38
4219 38
4471 38
4494 38
4677 38
4931 38
5974 38
6122 38
7752 38
8224 38
112 37
1148 37
1521 37
1720 37
2145 37
2455 37
2476 37
2855 37
2998 37
3131 37
3242 37
3365 37
3593 37
3723 37
3827 37
3905 37
3995 37
4111 37
4464 37
4478 37
4618 37
4979 37
5144 37
5197 37
5498 37
5588 37
5772 37
6177 37
6474 37
6825 37
6955 37
7193 37
7445 37
7521 37
7768 37
8277 37
1169 36
1451 36
1960 36
2256 36
2299 36
2390 36
2777 36
294 36
3075 36
3241 36
3330 36
3578 36
3657 36
3678 36
3922 36
4080 36
4122 36
4282 36
4326 36
4503 36
4746 36
4831 36
5456 36
5707 36
5995 36
6017 36
6261 36
780 36
9478 36
1039 35
1229 35
1628 35
1815 35
182 35
1885 35
1944 35
1987 35
1994 35
201 35
2031 35
2128 35
2497 35
2873 35
3505 35
3576 35
3767 35
3783 35
4124 35
4231 35
4501 35
4665 35
4868 35
4929 35
4933 35
4963 35
5036 35
5125 35
5467 35
5948 35
6069 35
6140 35
6412 35
6434 35
6633 35
7081 35
8605 35
8671 35
8672 35
894 35
1225 34
1237 34
1487 34
1862 34
1969 34
2092 34
2135 34
2185 34
2675 34
2678 34
2937 34
316 34
3166 34
3211 34
3481 34
3663 34
377 34
3817 34
4033 34
4146 34
4314 34
4518 34
4570 34
4766 34
4977 34
5119 34
5203 34
5324 34
5346 34
5555 34
5991 34
604 34
6073 34
6642 34
6823 34
699 34
7237 34
7603 34
839 34
863 34
905 34
1454 33
1459 33
1678 33
1722 33
2085 33
2155 33
2240 33
2338 33
2490 33
2508 33
2691 33
3079 33
3082 33
3406 33
3574 33
3716 33
3924 33
4137 33
4289 33
4331 33
4437 33
4475 33
4910 33
4981 33
5430 33
5459 33
5629 33
5684 33
5718 33
5961 33
6033 33
6384 33
6519 33
6735 33
721 33
7495 33
9303 33
1149 32
1629 32
1968 32
2307 32
2492 32
2597 32
2617 32
2662 32
2710 32
2715 32
2854 32
3002 32
3045 32
3170 32
3200 32
3461 32
3741 32
3838 32
3940 32
4088 32
4162 32
4203 32
4537 32
4613 32
4657 32
498 32
5142 32
5232 32
5334 32
5431 32
6160 32
6370 32
6866 32
8137 32
911 32
9790 32
1951 31
1966 31
2091 31
2432 31
2521 31
2735 31
3332 31
3405 31
3662 31
3765 31
4145 31
4216 31
4630 31
4678 31
4726 31
4902 31
5059 31
5395 31
5403 31
5516 31
5620 31
5748 31
5875 31
5878 31
6129 31
6364 31
6824 31
8153 31
1247 30
1269 30
1449 30
1510 30
1535 30
1633 30
1750 30
1887 30
1981 30
199 30
2467 30
2786 30
2788 30
3218 30
3272 30
3280 30
3292 30
3362 30
3503 30
3729 30
400 30
4062 30
4643 30
4645 30
4731 30
4759 30
4824 30
5071 30
5488 30
5502 30
5655 30
5776 30
6763 30
6798 30
7129 30
7679 30
8292 30
9268 30
1111 29
1176 29
1216 29
1349 29
1355 29
1505 29
1638 29
1781 29
2153 29
2247 29
2477 29
2591 29
2843 29
2928 29
3088 29
3099 29
3122 29
3512 29
3945 29
4144 29
4204 29
4413 29
4806 29
4860 29
4983 29
5038 29
5053 29
5132 29
5267 29
5382 29
5384 29
5441 29
5566 29
5949 29
619 29
6292 29
677 29
7173 29
8197 29
8717 29
8903 29
8928 29
9934 29
1114 28
1390 28
1434 28
1442 28
1549 28
1766 28
1825 28
1959 28
1962 28
2055 28
2079 28
2188 28
2267 28
2549 28
2594 28
2739 28
2798 28
2804 28
2808 28
289 28
3014 28
3036 28
3210 28
3257 28
3264 28
3430 28
3433 28
3523 28
3545 28
3949 28
3961 28
4107 28
4482 28
4523 28
4567 28
4836 28
4893 28
4930 28
5013 28
5231 28
5268 28
5473 28
5625 28
5785 28
5830 28
5908 28
6162 28
627 28
6574 28
6597 28
6615 28
685 28
7760 28
7762 28
7991 28
10579 27
1301 27
1392 27
1420 27
1612 27
1734 27
1879 27
1901 27
2364 27
2394 27
2433 27
2458 27
2548 27
2720 27
2868 27
2908 27
3078 27
3232 27
3267 27
3313 27
3562 27
38 27
3988 27
418 27
4391 27
4451 27
4656 27
4758 27
4936 27
5147 27
5221 27
5333 27
5393 27
5452 27
5540 27
597 27
6142 27
6411 27
6722 27
694 27
6967 27
7388 27
778 27
7799 27
8118 27
8436 27
8484 27
9053 27
1086 26
1257 26
1393 26
1683 26
1840 26
2009 26
2054 26
2071 26
2163 26
2217 26
2342 26
2589 26
2770 26
2791 26
2896 26
3022 26
3590 26
3600 26
3637 26
3693 26
3739 26
3834 26
3976 26
4002 26
4027 26
4061 26
4164 26
4188 26
4236 26
4295 26
4804 26
4973 26
5129 26
5184 26
5306 26
5313 26
5361 26
563 26
5642 26
5694 26
5702 26
6155 26
6362 26
6377 26
6496 26
6627 26
6767 26
7035 26
7527 26
7569 26
7574 26
7739 26
7975 26
7986 26
8131 26
8321 26
9785 26
1098 25
1271 25
1531 25
1580 25
1713 25
1925 25
2044 25
2139 25
2298 25
2329 25
2396 25
2587 25
2825 25
3031 25
3044 25
3192 25
3350 25
3520 25
3816 25
3872 25
3886 25
3893 25
3972 25
4052 25
4241 25
4342 25
4452 25
4536 25
4879 25
5034 25
5067 25
5250 25
5295 25
5471 25
5490 25
5526 25
5988 25
6156 25
6196 25
6482 25
6710 25
6801 25
6909 25
7100 25
7202 25
7317 25
752 25
7553 25
8085 25
8114 25
8145 25
8425 25
10212 24
1385 24
1737 24
1810 24
1971 24
198 24
2018 24
2452 24
2606 24
2936 24
2976 24
3033 24
3117 24
3146 24
3161 24
3231 24
3243 24
3251 24
3306 24
3367 24
3397 24
3463 24
3524 24
3531 24
3735 24
3753 24
4103 24
4152 24
4332 24
4711 24
4735 24
4773 24
4787 24
4815 24
4992 24
5030 24
5037 24
510 24
5188 24
5237 24
5251 24
5254 24
5283 24
5323 24
5567 24
5596 24
5738 24
5850 24
5958 24
5964 24
6192 24
6405 24
6475 24
6843 24
6949 24
735 24
7468 24
7519 24
7748 24
7841 24
8181 24
8200 24
8906 24
9228 24
927 24
9352 24
1413 23
1595 23
1681 23
1809 23
1850 23
2003 23
2104 23
2120 23
2446 23
2640 23
2832 23
2834 23
284 23
2849 23
2944 23
3089 23
3177 23
3466 23
3519 23
3728 23
3819 23
3866 23
3966 23
4003 23
4101 23
430 23
4460 23
4490 23
5120 23
5183 23
5252 23
5259 23
5299 23
5475 23
5537 23
5547 23
5672 23
6007 23
6021 23
607 23
6151 23
6343 23
6544 23
7038 23
7086 23
7177 23
7320 23
7325 23
7604 23
7667 23
7681 23
7682 23
7749 23
7761 23
846 23
9619 23
997 23
10966 22
11118 22
1318 22
1399 22
1447 22
1726 22
1738 22
1775 22
1843 22
1900 22
1926 22
2084 22
2227 22
2258 22
2377 22
2541 22
2547 22
2650 22
2669 22
2721 22
2760 22
2787 22
2929 22
3209 22
3302 22
3377 22
3437 22
3469 22
3484 22
3603 22
3643 22
3740 22
3825 22
3928 22
4007 22
4024 22
4050 22
4237 22
4287 22
4421 22
4524 22
4568 22
4602 22
4660 22
4794 22
4825 22
5014 22
5069 22
513 22
5155 22
5445 22
5577 22
5627 22
5708 22
5832 22
5884 22
5891 22
5900 22
5940 22
6184 22
6248 22
6289 22
6446 22
6454 22
6969 22
7113 22
7114 22
7194 22
7246 22
7660 22
7702 22
7805 22
7833 22
8456 22
9211 22
9695 22
1018 21
1043 21
1408 21
1427 21
1437 21
1668 21
1721 21
1837 21
1921 21
2106 21
2371 21
2491 21
2633 21
2741 21
2744 21
2946 21
2999 21
3206 21
3268 21
3290 21
3552 21
3564 21
3613 21
3665 21
3820 21
4220 21
4278 21
4302 21
4380 21
4382 21
4673 21
4748 21
4823 21
4881 21
4994 21
5058 21
5093 21
5135 21
5294 21
5505 21
5527 21
555 21
5573 21
5679 21
5705 21
6158 21
6203 21
6547 21
6563 21
6620 21
6708 21
6902 21
6947 21
6956 21
7007 21
7298 21
7354 21
7369 21
7605 21
7759 21
7858 21
8098 21
8216 21
8400 21
8486 21
85 21
8561 21
8875 21
957 21
9989 21
1000 20
10004 20
10211 20
1428 20
1489 20
16134 20
1888 20
1939 20
1953 20
206 20
2093 20
2238 20
2422 20
2469 20
2473 20
2489 20
2507 20
2524 20
2558 20
2608 20
2618 20
2628 20
2657 20
2747 20
2859 20
2886 20
2901 20
2961 20
2985 20
3059 20
3119 20
3164 20
3199 20
3229 20
3299 20
3312 20
3364 20
3403 20
3522 20
3533 20
3706 20
3713 20
3736 20
4044 20
4085 20
4109 20
4117 20
4271 20
4279 20
4419 20
4444 20
4496 20
4510 20
4534 20
4546 20
4867 20
5243 20
5245 20
5442 20
5494 20
5614 20
5639 20
5648 20
5712 20
5847 20
5984 20
6024 20
6094 20
6598 20
6600 20
6625 20
663 20
6636 20
6736 20
6846 20
7033 20
7118 20
7211 20
7394 20
7484 20
768 20
7721 20
8138 20
8227 20
8233 20
8246 20
8360 20
868 20
9273 20
9307 20
10133 19
10997 19
11370 19
1165 19
1344 19
1404 19
1634 19
1692 19
1820 19
1856 19
1876 19
1898 19
1910 19
2166 19
2223 19
2451 19
2632 19
2738 19
2771 19
2792 19
2821 19
2920 19
2966 19
3118 19
3188 19
3219 19
3336 19
3345 19
3366 19
3485 19
3686 19
3718 19
3737 19
3991 19
3994 19
4053 19
4099 19
4208 19
4408 19
4507 19
4528 19
4644 19
4706 19
4762 19
4785 19
4800 19
4801 19
4849 19
4890 19
4896 19
4901 19
4907 19
4919 19
5207 19
5265 19
5389 19
5417 19
5513 19
5853 19
5890 19
5914 19
5923 19
5944 19
6022 19
6109 19
6132 19
6141 19
6144 19
6242 19
6271 19
6363 19
6423 19
6456 19
6667 19
712 19
716 19
7267 19
7274 19
7278 19
7583 19
7593 19
7631 19
7657 19
7856 19
858 19
8677 19
8688 19
8952 19
9050 19
9106 19
9796 19
10067 18
10125 18
10587 18
1152 18
12068 18
125 18
1343 18
1529 18
2014 18
2330 18
2380 18
2462 18
2465 18
2539 18
2577 18
2599 18
2649 18
2722 18
2827 18
2892 18
3007 18
3010 18
3050 18
3126 18
3182 18
3373 18
3510 18
3529 18
3541 18
3572 18
362 18
3786 18
3844 18
3859 18
3937 18
4020 18
4037 18
4070 18
4074 18
4170 18
4264 18
4323 18
4329 18
4458 18
4625 18
4832 18
4895 18
4937 18
4984 18
5007 18
5016 18
5033 18
5083 18
5225 18
5270 18
5476 18
557 18
5695 18
5762 18
5901 18
5924 18
5928 18
5976 18
6245 18
6311 18
6316 18
6435 18
6570 18
6571 18
6686 18
6706 18
6756 18
6776 18
6921 18
7240 18
7337 18
7381 18
7413 18
7470 18
7500 18
7639 18
7826 18
7827 18
7974 18
8013 18
8259 18
9314 18
9721 18
9769 18
10056 17
10477 17
10492 17
1131 17
11325 17
11349 17
1261 17
1565 17
1689 17
1824 17
1827 17
2222 17
2251 17
2284 17
2582 17
2848 17
2916 17
2923 17
2953 17
3019 17
3104 17
3304 17
3372 17
3374 17
3427 17
3434 17
3467 17
3560 17
3565 17
3648 17
368 17
3930 17
3962 17
4028 17
4098 17
4168 17
4247 17
4313 17
4345 17
4356 17
4359 17
4586 17
4659 17
4661 17
4764 17
4793 17
4795 17
4859 17
4880 17
4886 17
4915 17
4922 17
4987 17
5081 17
5124 17
5179 17
5193 17
5222 17
5345 17
5415 17
564 17
5667 17
5713 17
5744 17
5833 17
585 17
5865 17
5883 17
5904 17
5931 17
5962 17
5966 17
5968 17
6003 17
6005 17
6019 17
6079 17
6133 17
6166 17
6298 17
6438 17
6472 17
6623 17
6660 17
6821 17
6848 17
6950 17
6953 17
7102 17
7150 17
7264 17
7454 17
7825 17
7842 17
7867 17
8312 17
8372 17
843 17
8476 17
8510 17
8657 17
8710 17
901 17
9673 17
9787 17
9904 17
10318 16
10462 16
10526 16
10706 16
1081 16
11174 16
11599 16
1258 16
1262 16
1375 16
1590 16
1767 16
1916 16
2036 16
2134 16
2171 16
2279 16
2287 16
2296 16
2300 16
2384 16
2498 16
2525 16
257 16
2639 16
2663 16
2664 16
2778 16
3235 16
3338 16
3422 16
3432 16
3441 16
3475 16
3628 16
3826 16
3989 16
4058 16
4078 16
4104 16
4121 16
4156 16
4321 16
4350 16
4472 16
4476 16
4628 16
4647 16
4671 16
4763 16
4768 16
4888 16
4889 16
4914 16
4968 16
5272 16
5413 16
5770 16
5799 16
5804 16
5809 16
5889 16
5930 16
6013 16
6040 16
6081 16
6098 16
6169 16
6185 16
6270 16
6304 16
6504 16
6564 16
6652 16
6739 16
6741 16
6765 16
6818 16
7042 16
720 16
7299 16
7345 16
7350 16
7625 16
764 16
7715 16
8244 16
8394 16
8418 16
8423 16
8525 16
8584 16
892 16
902 16
943 16
9564 16
9767 16
10148 15
10261 15
10546 15
10695 15
10885 15
10941 15
11991 15
1485 15
14921 15
1524 15
1867 15
1963 15
1980 15
1984 15
2068 15
2103 15
2157 15
2205 15
2206 15
2243 15
2321 15
2340 15
2348 15
2389 15
244 15
2441 15
2445 15
2495 15
2607 15
2645 15
2665 15
2672 15
2759 15
2815 15
2965 15
2981 15
3066 15
3081 15
3230 15
3233 15
3314 15
3457 15
3460 15
3501 15
3509 15
3521 15
3563 15
3666 15
3670 15
3682 15
3855 15
3878 15
3895 15
3946 15
3951 15
3959 15
4063 15
4187 15
4234 15
4246 15
4376 15
4383 15
4410 15
4489 15
4535 15
4560 15
4591 15
4707 15
4737 15
4780 15
4843 15
4884 15
4911 15
4928 15
5117 15
5149 15
5211 15
5228 15
5279 15
5319 15
5341 15
5380 15
5424 15
5477 15
5487 15
5511 15
5591 15
5603 15
5608 15
5619 15
5747 15
5780 15
5788 15
5793 15
5919 15
5926 15
5959 15
5971 15
6009 15
6011 15
6016 15
6085 15
6149 15
6204 15
6277 15
6324 15
6703 15
6796 15
6827 15
6916 15
6922 15
6929 15
697 15
700 15
7029 15
7048 15
714 15
7205 15
7226 15
7258 15
7286 15
7287 15
7374 15
7406 15
7418 15
7528 15
7649 15
7691 15
7725 15
7897 15
7930 15
8325 15
8349 15
845 15
8523 15
8656 15
8754 15
8796 15
8820 15
8848 15
912 15
9603 15
9774 15
9893 15
9961 15
9964 15
9990 15
10003 14
10072 14
10085 14
1090 14
10916 14
11023 14
1161 14
11840 14
1384 14
1578 14
1586 14
1608 14
1639 14
1673 14
1779 14
1991 14
2004 14
2024 14
2094 14
2140 14
2277 14
2303 14
2372 14
2386 14
2456 14
2528 14
2543 14
2552 14
2564 14
2586 14
2592 14
2652 14
2754 14
2803 14
2889 14
3021 14
303 14
3181 14
3196 14
3227 14
3237 14
3239 14
3256 14
3321 14
3341 14
3420 14
3549 14
3599 14
3645 14
3656 14
3887 14
3908 14
3914 14
404 14
4051 14
4059 14
409 14
4093 14
4273 14
4415 14
4426 14
4445 14
4465 14
4473 14
4513 14
4520 14
4559 14
4574 14
4585 14
4615 14
4620 14
4667 14
4693 14
4718 14
4723 14
4724 14
4755 14
4761 14
4783 14
4786 14
4923 14
4989 14
5026 14
5088 14
5224 14
5273 14
5296 14
5314 14
5320 14
5404 14
5416 14
5436 14
5460 14
5465 14
5481 14
5550 14
5671 14
5758 14
5800 14
5856 14
5925 14
6137 14
6287 14
6293 14
6329 14
6422 14
6467 14
6635 14
6674 14
6699 14
6748 14
6764 14
6794 14
6831 14
6832 14
6854 14
6864 14
6937 14
7030 14
7065 14
7231 14
7248 14
7250 14
7266 14
7328 14
7338 14
7358 14
7435 14
7436 14
7535 14
756 14
7561 14
7602 14
7704 14
7855 14
7871 14
8164 14
8252 14
8358 14
8440 14
8509 14
8540 14
8646 14
870 14
8729 14
8795 14
8806 14
8999 14
9150 14
9263 14
9449 14
9607 14
9664 14
9674 14
9745 14
10032 13
10366 13
10466 13
10878 13
11084 13
11094 13
11339 13
11441 13
11594 13
11657 13
1179 13
13219 13
13773 13
13793 13
14177 13
14486 13
15300 13
15727 13
1778 13
1950 13
1952 13
2025 13
2137 13
2252 13
2302 13
2365 13
2459 13
2520 13
2562 13
2588 13
2671 13
2708 13
2772 13
2793 13
2846 13
3132 13
3187 13
3195 13
3259 13
3278 13
3357 13
3382 13
3419 13
3455 13
3695 13
375 13
3752 13
3971 13
3973 13
3977 13
4021 13
4023 13
4064 13
407 13
4135 13
4268 13
4269 13
4307 13
4418 13
4527 13
4624 13
4650 13
4670 13
4699 13
4770 13
4796 13
4829 13
4835 13
5101 13
5242 13
5318 13
5357 13
5434 13
5463 13
5528 13
5545 13
5557 13
5571 13
5640 13
5934 13
5942 13
6174 13
6221 13
6227 13
6241 13
6244 13
6342 13
6397 13
6441 13
6449 13
6459 13
6512 13
6572 13
6594 13
6789 13
6809 13
6820 13
6840 13
6891 13
6903 13
6911 13
6957 13
6958 13
6971 13
6992 13
7004 13
7036 13
7074 13
7105 13
7151 13
7306 13
7340 13
7344 13
7412 13
7444 13
7479 13
7523 13
7587 13
7591 13
7662 13
7714 13
7775 13
7798 13
7892 13
8011 13
8075 13
8077 13
8116 13
8217 13
8304 13
8460 13
8482 13
8569 13
8691 13
8732 13
8774 13
8790 13
8980 13
9026 13
9060 13
9161 13
9183 13
9196 13
9238 13
936 13
9443 13
9583 13
9994 13
10110 12
10186 12
10197 12
10226 12
10246 12
1029 12
10306 12
10549 12
10727 12
10854 12
11236 12
11301 12
11790 12
13278 12
14071 12
14248 12
1483 12
1508 12
1620 12
1860 12
2154 12
2167 12
2168 12
2311 12
2388 12
2425 12
2457 12
2482 12
2510 12
2537 12
2637 12
2705 12
2797 12
2857 12
2862 12
2893 12
2956 12
3004 12
3028 12
3039 12
3153 12
3156 12
3185 12
3228 12
3254 12
3260 12
3261 12
3486 12
3500 12
3547 12
3550 12
3583 12
3640 12
3677 12
3694 12
3699 12
3773 12
3787 12
3794 12
3798 12
3807 12
3869 12
3894 12
3929 12
3958 12
3998 12
4004 12
4005 12
4010 12
4072 12
4087 12
4105 12
4125 12
4134 12
4143 12
4171 12
4173 12
4214 12
4221 12
4304 12
4360 12
4447 12
4547 12
4663 12
4736 12
4740 12
4821 12
4852 12
4938 12
4940 12
4978 12
5023 12
5060 12
5140 12
5210 12
5216 12
5230 12
5339 12
5356 12
5385 12
5390 12
5483 12
5538 12
5633 12
5658 12
5662 12
5691 12
5717 12
5732 12
5733 12
5806 12
5936 12
6043 12
6052 12
6063 12
6115 12
6118 12
6130 12
6224 12
6273 12
6291 12
6297 12
6301 12
6320 12
637 12
6440 12
6450 12
6464 12
6465 12
6479 12
6530 12
6580 12
659 12
6596 12
6648 12
6719 12
6753 12
6792 12
6945 12
7006 12
7116 12
7136 12
7225 12
7255 12
7257 12
7262 12
7271 12
7322 12
7419 12
7424 12
7475 12
7478 12
7482 12
7541 12
7572 12
7579 12
7584 12
7695 12
7696 12
7734 12
7823 12
7945 12
7982 12
8003 12
8012 12
8071 12
8210 12
8235 12
8322 12
8381 12
8388 12
8393 12
8420 12
8463 12
8731 12
8763 12
88 12
8826 12
9151 12
9172 12
9199 12
9285 12
9318 12
9408 12
9412 12
9427 12
9491 12
951 12
9960 12
10029 11
10157 11
10314 11
10327 11
10369 11
10377 11
10382 11
10397 11
10511 11
10668 11
10751 11
11166 11
11292 11
11297 11
11399 11
11474 11
11625 11
12009 11
12447 11
12501 11
12735 11
12769 11
13574 11
14524 11
14635 11
14687 11
16451 11
1836 11
1938 11
2072 11
2088 11
2149 11
2220 11
2233 11
2245 11
2359 11
2376 11
2500 11
2529 11
2603 11
2621 11
2648 11
2677 11
2863 11
2881 11
2891 11
2902 11
2982 11
3005 11
3018 11
3068 11
3072 11
3076 11
3080 11
3203 11
3225 11
3258 11
3262 11
3293 11
3300 11
3317 11
3320 11
3369 11
3416 11
343 11
3507 11
3532 11
3582 11
3595 11
3635 11
3690 11
3703 11
3715 11
3727 11
3754 11
3763 11
3780 11
3846 11
3877 11
3939 11
4039 11
4102 11
4114 11
4153 11
4179 11
4212 11
4240 11
4243 11
4362 11
4368 11
4433 11
4470 11
4492 11
4514 11
4607 11
4646 11
4705 11
4732 11
4855 11
4861 11
496 11
4961 11
4985 11
4998 11
5050 11
5074 11
5104 11
5113 11
5121 11
5246 11
5260 11
5288 11
5368 11
5372 11
5374 11
5409 11
5440 11
5466 11
5517 11
5563 11
5703 11
5752 11
576 11
5766 11
5807 11
5840 11
5862 11
5882 11
5896 11
5978 11
5985 11
6031 11
6048 11
6051 11
6116 11
6135 11
6181 11
6222 11
6274 11
6299 11
6315 11
6338 11
6341 11
6349 11
6379 11
6382 11
6455 11
6517 11
6540 11
6549 11
6557 11
6568 11
6613 11
6684 11
6690 11
6757 11
6779 11
6883 11
6906 11
6952 11
6973 11
6976 11
7000 11
7019 11
703 11
7041 11
7078 11
7108 11
713 11
7220 11
7311 11
7363 11
7409 11
7458 11
7531 11
7537 11
7554 11
7607 11
7613 11
763 11
7764 11
7776 11
7868 11
7958 11
8061 11
8124 11
8203 11
8324 11
834 11
8374 11
8376 11
8380 11
8408 11
8411 11
8469 11
8698 11
8708 11
8832 11
8858 11
8922 11
8976 11
9005 11
9113 11
9224 11
9242 11
9304 11
9394 11
9482 11
9574 11
9622 11
9672 11
9848 11
9941 11
10048 10
10158 10
10405 10
10430 10
10596 10
10607 10
10667 10
10669 10
10739 10
10752 10
10775 10
10796 10
10799 10
10831 10
10867 10
10950 10
11027 10
11062 10
1113 10
11197 10
11198 10
11215 10
1127 10
1143 10
11440 10
11448 10
11534 10
11727 10
11875 10
12033 10
12111 10
12291 10
12316 10
1238 10
12468 10
12718 10
12722 10
12783 10
12931 10
12996 10
13044 10
13284 10
13533 10
13550 10
13972 10
143 10
14673 10
1471 10
1482 10
15314 10
1541 10
1557 10
15668 10
16389 10
1714 10
1753 10
1893 10
1908 10
1989 10
2033 10
2133 10
2136 10
2226 10
2257 10
2350 10
238 10
2381 10
2410 10
2431 10
2569 10
2584 10
26 10
2698 10
2737 10
2762 10
2823 10
2840 10
2875 10
2877 10
2968 10
3098 10
3111 10
3125 10
3136 10
3160 10
3201 10
3269 10
3339 10
3380 10
3404 10
3424 10
3483 10
3489 10
3537 10
3638 10
3802 10
3808 10
3809 10
3822 10
3824 10
3842 10
3876 10
3892 10
3935 10
3944 10
4008 10
4009 10
4030 10
4032 10
4038 10
4155 10
4270 10
4336 10
4341 10
4424 10
4438 10
4463 10
4540 10
4548 10
4553 10
4579 10
4638 10
4684 10
4774 10
4812 10
4932 10
4947 10
4956 10
5001 10
5024 10
5041 10
5082 10
5111 10
5192 10
5258 10
5386 10
5408 10
5449 10
5457 10
5486 10
5512 10
5518 10
5522 10
5532 10
5546 10
5572 10
5615 10
5664 10
5765 10
5815 10
5829 10
5831 10
5846 10
5987 10
5993 10
6004 10
6110 10
6136 10
6145 10
6147 10
6150 10
6171 10
6172 10
6215 10
6256 10
6286 10
639 10
6413 10
6439 10
6471 10
6524 10
6552 10
6569 10
6673 10
6681 10
6896 10
6935 10
7089 10
7174 10
7178 10
7190 10
7243 10
7253 10
7256 10
7282 10
7295 10
7395 10
7402 10
7466 10
7619 10
7620 10
7738 10
7767 10
7772 10
7777 10
7812 10
7822 10
7828 10
7843 10
789 10
7925 10
7934 10
7970 10
8016 10
8083 10
8125 10
8132 10
8142 10
8231 10
8298 10
8333 10
8547 10
8573 10
8609 10
8618 10
8824 10
8846 10
8850 10
8870 10
8889 10
8902 10
8929 10
9101 10
9104 10
9108 10
9186 10
9215 10
9245 10
9278 10
9325 10
9446 10
9523 10
9697 10
9797 10
9799 10
9859 10
9911 10
9969 10
10077 9
10089 9
10127 9
10137 9
10171 9
10207 9
10231 9
10242 9
10279 9
10298 9
1030 9
10331 9
10385 9
10400 9
10408 9
10449 9
10531 9
10557 9
10651 9
10716 9
10724 9
10782 9
10859 9
10898 9
10906 9
10980 9
11010 9
11047 9
11182 9
11330 9
11381 9
11549 9
11557 9
11583 9
11629 9
11732 9
11739 9
11814 9
12053 9
12147 9
12192 9
12203 9
12256 9
12402 9
12482 9
1254 9
12629 9
12830 9
12915 9
1327 9
13421 9
13712 9
13747 9
1406 9
14330 9
14667 9
1494 9
14980 9
14985 9
1552 9
1589 9
1700 9
1744 9
1821 9
1828 9
1849 9
1865 9
1922 9
210 9
2231 9
2285 9
2352 9
2382 9
2440 9
2519 9
2593 9
2654 9
2684 9
2802 9
2871 9
2900 9
2951 9
3008 9
3067 9
3163 9
3198 9
3266 9
3273 9
3396 9
3399 9
3435 9
3471 9
3476 9
3490 9
3493 9
3508 9
3542 9
3707 9
3719 9
3762 9
3777 9
3837 9
3941 9
3956 9
3974 9
3985 9
3992 9
4081 9
4083 9
4132 9
4166 9
4180 9
4186 9
4189 9
4191 9
4257 9
4263 9
4301 9
4319 9
4351 9
4388 9
4402 9
4480 9
4533 9
4569 9
4590 9
4611 9
4709 9
4745 9
4792 9
4857 9
4878 9
4892 9
4955 9
5042 9
5047 9
5052 9
5080 9
5090 9
5133 9
5160 9
5166 9
5209 9
5241 9
5322 9
5336 9
5355 9
5359 9
5387 9
5428 9
5468 9
5480 9
5508 9
5510 9
5515 9
5590 9
5605 9
5634 9
5661 9
5700 9
5701 9
5720 9
5721 9
5774 9
5812 9
5857 9
5866 9
5877 9
5947 9
5951 9
5989 9
6014 9
6072 9
6099 9
6102 9
6152 9
6170 9
6253 9
6278 9
6308 9
6318 9
6325 9
6356 9
6366 9
6367 9
6381 9
6436 9
6500 9
6541 9
6651 9
6691 9
6692 9
6696 9
6715 9
6783 9
6865 9
6869 9
6870 9
6910 9
6983 9
7039 9
7051 9
7059 9
7082 9
7097 9
7163 9
717 9
7201 9
7216 9
7223 9
7236 9
7307 9
7357 9
7376 9
7393 9
7449 9
7459 9
7469 9
7520 9
7522 9
7529 9
7567 9
7571 9
7576 9
7588 9
7621 9
7638 9
7703 9
7795 9
7796 9
7831 9
7872 9
7880 9
7901 9
7946 9
7951 9
7961 9
8001 9
8034 9
8042 9
8089 9
8102 9
8123 9
8161 9
8215 9
8232 9
8251 9
8316 9
8375 9
8382 9
8417 9
8428 9
8457 9
8461 9
8477 9
8495 9
8548 9
8588 9
8611 9
8643 9
8648 9
8682 9
8761 9
8805 9
8865 9
8886 9
891 9
8911 9
8930 9
9056 9
9121 9
9152 9
9169 9
9175 9
9279 9
9289 9
9320 9
9401 9
9426 9
9437 9
9535 9
9541 9
9594 9
9597 9
9626 9
9685 9
9719 9
9822 9
9830 9
9838 9
9888 9
994 9
9971 9
9981 9
10014 8
10113 8
10142 8
10254 8
10255 8
10305 8
10333 8
10438 8
10439 8
10522 8
10580 8
10639 8
10646 8
10730 8
1078 8
10801 8
10925 8
10936 8
11009 8
11054 8
1108 8
11086 8
11125 8
11176 8
11177 8
11318 8
11355 8
11382 8
11527 8
11613 8
11679 8
11901 8
11956 8
1204 8
12066 8
12254 8
12361 8
12537 8
1255 8
12562 8
12573 8
12861 8
12944 8
12998 8
13327 8
13453 8
1357 8
13581 8
1360 8
13636 8
13821 8
13870 8
14015 8
14118 8
1429 8
14356 8
14367 8
14944 8
1511 8
15187 8
1598 8
1611 8
16322 8
1757 8
1783 8
1826 8
1873 8
1955 8
1983 8
2020 8
2057 8
2062 8
2215 8
2218 8
2286 8
2379 8
2416 8
259 8
2634 8
2701 8
2750 8
2780 8
2817 8
2907 8
2964 8
2970 8
3058 8
3121 8
3150 8
3213 8
3279 8
3282 8
3310 8
3344 8
3395 8
3429 8
3480 8
3516 8
3548 8
3551 8
3554 8
3568 8
3602 8
3629 8
3650 8
3845 8
3851 8
3884 8
3906 8
4022 8
4054 8
4095 8
4129 8
4139 8
4178 8
4217 8
4218 8
4228 8
4248 8
4259 8
4291 8
4339 8
4358 8
4396 8
4467 8
4504 8
4519 8
4566 8
4675 8
4685 8
4714 8
4739 8
4767 8
4798 8
4799 8
4805 8
4813 8
4840 8
4905 8
4917 8
5005 8
5019 8
5022 8
5202 8
5208 8
5219 8
5235 8
5276 8
5301 8
5376 8
5381 8
5410 8
5420 8
5443 8
5448 8
5509 8
5530 8
5541 8
5569 8
5604 8
5678 8
570 8
5730 8
5734 8
5761 8
5777 8
5790 8
5798 8
5810 8
5818 8
5838 8
5858 8
5911 8
5915 8
5937 8
5975 8
6035 8
6053 8
6067 8
6087 8
6101 8
6107 8
6112 8
6148 8
6161 8
6188 8
6190 8
6218 8
6283 8
6296 8
6332 8
6335 8
6337 8
6365 8
6380 8
6389 8
6394 8
6433 8
6437 8
6462 8
6502 8
6529 8
6558 8
6614 8
6629 8
6659 8
6661 8
6672 8
6709 8
6721 8
6727 8
6734 8
6754 8
6793 8
6797 8
6838 8
6839 8
6845 8
6863 8
6927 8
6940 8
6954 8
6961 8
7014 8
7104 8
7110 8
7121 8
7122 8
7169 8
7171 8
7197 8
7218 8
733 8
746 8
7489 8
7548 8
7578 8
7590 8
7606 8
7628 8
7689 8
7719 8
7733 8
7754 8
7806 8
7852 8
7877 8
7878 8
7886 8
7911 8
7978 8
7990 8
8107 8
8121 8
8155 8
8159 8
820 8
8270 8
8296 8
8315 8
8317 8
8344 8
8357 8
8385 8
8503 8
8508 8
8521 8
8565 8
8592 8
8647 8
8681 8
8687 8
8696 8
8721 8
8741 8
8920 8
8921 8
8940 8
8958 8
8969 8
8981 8
900 8
9014 8
9046 8
9049 8
9102 8
9144 8
9218 8
9266 8
9409 8
9419 8
9452 8
9461 8
9469 8
9483 8
9618 8
9637 8
9653 8
9715 8
9776 8
9814 8
9817 8
9843 8
9881 8
9913 8
9945 8
10033 7
10074 7
10107 7
10109 7
10124 7
10152 7
10160 7
10265 7
10285 7
10312 7
10329 7
10386 7
10485 7
10547 7
10559 7
10577 7
10592 7
10599 7
10707 7
10710 7
10713 7
10735 7
10742 7
10795 7
10861 7
10863 7
10895 7
10926 7
10938 7
1096 7
10961 7
10975 7
10983 7
11008 7
11021 7
11046 7
11161 7
11163 7
11168 7
1122 7
11220 7
11227 7
11239 7
11250 7
11296 7
11369 7
11443 7
11500 7
11507 7
11541 7
11555 7
11567 7
11602 7
11673 7
11692 7
11734 7
11799 7
11884 7
11888 7
11904 7
11978 7
12034 7
12078 7
12088 7
12127 7
12159 7
12231 7
12260 7
12271 7
12274 7
12276 7
12301 7
12312 7
12346 7
12469 7
12497 7
1253 7
12603 7
12617 7
12717 7
12729 7
12764 7
12812 7
12827 7
12834 7
12848 7
13251 7
13325 7
13342 7
13493 7
13551 7
13587 7
13710 7
13719 7
13889 7
13899 7
14153 7
14246 7
14297 7
14349 7
14387 7
14504 7
14510 7
14725 7
14882 7
15067 7
15148 7
15237 7
15311 7
15489 7
1554 7
15836 7
15859 7
1601 7
16135 7
16231 7
16477 7
16505 7
1659 7
16614 7
1733 7
1761 7
1777 7
183 7
1866 7
1924 7
1961 7
2035 7
207 7
2083 7
2087 7
2127 7
2189 7
2249 7
2259 7
2263 7
2266 7
2268 7
2273 7
2345 7
2353 7
2368 7
2370 7
2373 7
2398 7
2485 7
2522 7
2579 7
2602 7
2673 7
2822 7
2837 7
2867 7
2997 7
3035 7
3038 7
3046 7
3047 7
3048 7
3053 7
3155 7
3167 7
3172 7
3222 7
3238 7
3283 7
3301 7
3326 7
3328 7
3346 7
3411 7
3412 7
3428 7
3436 7
3447 7
3468 7
3553 7
3555 7
3567 7
3584 7
3585 7
3684 7
3768 7
3785 7
3813 7
3873 7
3879 7
3880 7
3901 7
3926 7
3965 7
4069 7
4176 7
4286 7
4292 7
4322 7
4375 7
4385 7
4395 7
4397 7
4398 7
4417 7
4449 7
4462 7
4526 7
4545 7
4551 7
4555 7
4605 7
4616 7
4623 7
4637 7
4658 7
4662 7
4674 7
4683 7
4688 7
4694 7
4712 7
4779 7
4841 7
4853 7
4967 7
4974 7
5051 7
5064 7
5096 7
5110 7
5154 7
5161 7
5173 7
5174 7
5181 7
5289 7
5291 7
5340 7
5343 7
5375 7
5383 7
5423 7
5427 7
5432 7
5450 7
5453 7
5499 7
5536 7
5609 7
5622 7
5641 7
5674 7
5677 7
5710 7
5731 7
5749 7
5763 7
5769 7
5797 7
5802 7
5820 7
5892 7
5994 7
6037 7
6039 7
6061 7
6077 7
6080 7
6088 7
6138 7
6157 7
6178 7
6180 7
6259 7
6268 7
6285 7
6340 7
6392 7
6428 7
6451 7
6488 7
6511 7
6523 7
6577 7
6599 7
6632 7
6643 7
6646 7
6671 7
6712 7
6723 7
6731 7
6761 7
6781 7
6806 7
6830 7
6861 7
6914 7
6924 7
6933 7
6941 7
6999 7
701 7
7010 7
7026 7
7027 7
7057 7
7090 7
7095 7
7098 7
7101 7
7115 7
7130 7
7131 7
7137 7
7207 7
7234 7
7251 7
7263 7
7285 7
7293 7
7301 7
7303 7
7308 7
7348 7
7359 7
7360 7
7450 7
7455 7
7462 7
7474 7
7499 7
7507 7
7601 7
7616 7
7627 7
7686 7
774 7
7783 7
7835 7
7838 7
7857 7
7859 7
7923 7
7924 7
793 7
8006 7
8008 7
8039 7
8067 7
8080 7
8088 7
8163 7
8177 7
8187 7
8311 7
8434 7
8441 7
8444 7
8458 7
8490 7
8512 7
8519 7
8568 7
8576 7
8587 7
8593 7
8601 7
8622 7
8638 7
8659 7
8666 7
8674 7
8736 7
8760 7
8804 7
8828 7
8835 7
8836 7
8888 7
8894 7
8935 7
8957 7
8967 7
8989 7
8990 7
8991 7
9019 7
9027 7
9031 7
9087 7
9111 7
9142 7
9145 7
9153 7
9157 7
9158 7
9176 7
9180 7
9214 7
9223 7
9256 7
9269 7
9310 7
9319 7
9348 7
9388 7
9410 7
9428 7
9434 7
9440 7
9502 7
9529 7
9531 7
9532 7
9546 7
9554 7
9595 7
9616 7
9634 7
9669 7
9684 7
9692 7
9708 7
9710 7
9718 7
9734 7
9739 7
9789 7
9824 7
9825 7
9834 7
9857 7
9882 7
9889 7
9923 7
9935 7
9977 7
9986 7
9988 7
9995 7
10009 6
10012 6
10028 6
10031 6
10063 6
10082 6
10209 6
10213 6
10222 6
10237 6
10245 6
10309 6
10310 6
10357 6
10363 6
10364 6
10406 6
1044 6
10448 6
10478 6
10486 6
10550 6
10582 6
10589 6
10597 6
10600 6
10610 6
1064 6
10643 6
10645 6
10655 6
1066 6
10660 6
10703 6
10741 6
10744 6
10750 6
1076 6
10776 6
10806 6
10813 6
10823 6
10850 6
10853 6
10871 6
10879 6
10911 6
10918 6
10927 6
10960 6
10984 6
10986 6
10993 6
11059 6
11092 6
11107 6
11108 6
11119 6
11129 6
11156 6
11342 6
11343 6
11365 6
11404 6
11560 6
11582 6
11699 6
1171 6
11725 6
11779 6
11780 6
11788 6
11804 6
11864 6
11880 6
11910 6
11915 6
11928 6
11959 6
11967 6
11974 6
12128 6
12151 6
12253 6
12311 6
12323 6
12327 6
12347 6
12348 6
12352 6
12399 6
1246 6
12472 6
12487 6
12500 6
12601 6
12672 6
12688 6
12749 6
12759 6
12825 6
12907 6
12971 6
12973 6
13005 6
13330 6
13417 6
13426 6
13446 6
13479 6
13548 6
13579 6
13608 6
13677 6
13714 6
13772 6
13798 6
13822 6
13847 6
13910 6
14014 6
14096 6
14104 6
14197 6
14224 6
14250 6
1436 6
14372 6
14389 6
1441 6
14423 6
14434 6
14448 6
14457 6
14507 6
14513 6
14519 6
14523 6
14541 6
14606 6
1480 6
14825 6
1486 6
1492 6
14972 6
15029 6
15124 6
152 6
15207 6
15395 6
15784 6
15843 6
1599 6
16048 6
16119 6
16120 6
16966 6
1727 6
17337 6
1749 6
17518 6
1754 6
17679 6
1841 6
1869 6
1896 6
19881 6
2012 6
2081 6
2132 6
2182 6
2184 6
2186 6
2196 6
2264 6
2293 6
2312 6
2344 6
2413 6
2468 6
2486 6
2506 6
2512 6
2544 6
2614 6
2661 6
2668 6
2685 6
2714 6
2717 6
2742 6
2751 6
2766 6
2814 6
2847 6
2861 6
2874 6
2899 6
2934 6
2942 6
2948 6
2962 6
3011 6
3029 6
3060 6
3091 6
3120 6
3128 6
3145 6
3152 6
3223 6
3226 6
3249 6
3252 6
3287 6
3295 6
3298 6
3379 6
3400 6
3414 6
3440 6
3459 6
3477 6
3488 6
3511 6
3528 6
3557 6
3558 6
3587 6
3626 6
3630 6
3636 6
3674 6
3700 6
3751 6
3764 6
3831 6
3848 6
3865 6
3875 6
391 6
3921 6
3942 6
3947 6
3981 6
3987 6
3997 6
4001 6
4029 6
4057 6
4060 6
4067 6
4086 6
4140 6
4185 6
4250 6
4290 6
4293 6
4333 6
4335 6
4344 6
4379 6
4387 6
4399 6
4428 6
4431 6
4481 6
4483 6
4497 6
4538 6
4561 6
4581 6
4599 6
4604 6
4614 6
4619 6
4690 6
4692 6
4713 6
4721 6
4725 6
4753 6
4756 6
4802 6
4808 6
4820 6
4844 6
4846 6
4854 6
4856 6
4863 6
4874 6
4876 6
4897 6
4900 6
4906 6
4950 6
4976 6
4996 6
4997 6
4999 6
5010 6
5025 6
5027 6
504 6
5040 6
5086 6
5087 6
5143 6
5151 6
5176 6
5195 6
5277 6
5286 6
5287 6
5358 6
5391 6
5398 6
5411 6
5425 6
5447 6
5461 6
5506 6
5554 6
5562 6
5564 6
5575 6
5576 6
5589 6
5598 6
5637 6
5645 6
5651 6
5682 6
5685 6
5687 6
5719 6
5824 6
5845 6
5863 6
5864 6
5935 6
5945 6
5946 6
5950 6
5977 6
5982 6
6020 6
6041 6
6049 6
6086 6
6089 6
6096 6
6117 6
6126 6
6191 6
6232 6
6233 6
6249 6
6265 6
631 6
6317 6
6328 6
6352 6
6353 6
6361 6
6368 6
6373 6
6374 6
6409 6
6427 6
6431 6
6445 6
6485 6
6514 6
6520 6
6545 6
6553 6
6555 6
6664 6
6688 6
6698 6
6816 6
6858 6
6876 6
6898 6
6899 6
6959 6
6962 6
6978 6
6991 6
6997 6
6998 6
7015 6
7055 6
7094 6
7125 6
7181 6
7183 6
7198 6
7209 6
7235 6
7276 6
7279 6
7289 6
7296 6
7333 6
7343 6
7405 6
7407 6
7420 6
7428 6
7443 6
7473 6
7511 6
7514 6
7549 6
7551 6
7557 6
7568 6
7592 6
7596 6
7610 6
7615 6
7622 6
7643 6
7650 6
7661 6
7666 6
7678 6
7751 6
7765 6
7797 6
7801 6
7865 6
7866 6
7876 6
7902 6
7906 6
7918 6
7927 6
7955 6
7977 6
7981 6
7989 6
7997 6
8007 6
8009 6
8014 6
8030 6
8149 6
8150 6
8173 6
8176 6
8182 6
8196 6
8201 6
8256 6
8266 6
827 6
8275 6
8278 6
8283 6
8331 6
8354 6
8367 6
8379 6
8404 6
8410 6
8416 6
8431 6
8435 6
8450 6
8478 6
8528 6
8557 6
8575 6
8635 6
8680 6
8748 6
8783 6
8794 6
8813 6
8853 6
8854 6
8876 6
8885 6
8918 6
8938 6
8941 6
8951 6
8993 6
8994 6
9002 6
9009 6
9032 6
908 6
9093 6
9213 6
9237 6
9257 6
9280 6
9288 6
9301 6
9313 6
9333 6
9334 6
9339 6
9372 6
9471 6
9475 6
9485 6
9494 6
9501 6
9504 6
9509 6
9514 6
9558 6
9559 6
9568 6
9572 6
9575 6
9582 6
9598 6
9623 6
9625 6
9640 6
9658 6
9707 6
9751 6
9755 6
9768 6
9771 6
9773 6
9831 6
9929 6
9962 6
10010 5
10038 5
10059 5
10078 5
10096 5
10116 5
10144 5
10166 5
10190 5
10201 5
10208 5
10230 5
10238 5
10292 5
10296 5
10299 5
10300 5
10323 5
10361 5
10362 5
10393 5
10407 5
10436 5
10517 5
10541 5
10558 5
10560 5
10564 5
10574 5
10590 5
10625 5
10626 5
10630 5
10661 5
10800 5
10880 5
10890 5
10899 5
10943 5
10945 5
10959 5
10974 5
10987 5
11000 5
11071 5
11130 5
11137 5
11147 5
11159 5
11165 5
11172 5
11185 5
11194 5
11199 5
11231 5
11238 5
11253 5
11270 5
11275 5
11289 5
11293 5
11304 5
11313 5
11315 5
11340 5
11414 5
11417 5
11471 5
11473 5
11483 5
11486 5
11487 5
11539 5
11569 5
11591 5
11598 5
11607 5
11630 5
11694 5
11705 5
11735 5
11744 5
11745 5
11793 5
11816 5
11838 5
11871 5
11945 5
12006 5
12014 5
12049 5
12051 5
12071 5
12093 5
12101 5
12132 5
12176 5
12197 5
12226 5
12268 5
12380 5
12420 5
12463 5
12477 5
12511 5
12515 5
12622 5
12654 5
12676 5
12678 5
12730 5
12745 5
12761 5
12786 5
12792 5
12798 5
12819 5
12826 5
12832 5
12838 5
12841 5
12852 5
12859 5
1288 5
12886 5
12911 5
12923 5
12961 5
12980 5
13001 5
13002 5
13004 5
13011 5
13012 5
13025 5
13057 5
13060 5
13061 5
13073 5
13126 5
1313 5
13131 5
13165 5
13167 5
13176 5
13205 5
13276 5
13285 5
13324 5
1334 5
13340 5
13345 5
13346 5
13355 5
13368 5
1339 5
1340 5
13436 5
13441 5
13444 5
13481 5
13485 5
13495 5
1356 5
13650 5
13667 5
13681 5
1371 5
13746 5
13778 5
13785 5
13789 5
13792 5
13800 5
13805 5
13806 5
13819 5
13846 5
13855 5
13864 5
13894 5
13902 5
13913 5
13952 5
13983 5
13984 5
13987 5
14004 5
14053 5
14054 5
14095 5
14123 5
14179 5
14188 5
14205 5
14228 5
14332 5
14352 5
14427 5
14432 5
14442 5
14456 5
14459 5
14540 5
14556 5
1458 5
14602 5
14611 5
14648 5
14669 5
14742 5
14780 5
14782 5
14881 5
14883 5
14963 5
15040 5
15156 5
15166 5
15245 5
15316 5
15421 5
15460 5
15485 5
15490 5
15542 5
15557 5
15590 5
15717 5
15720 5
15756 5
1587 5
15921 5
1607 5
16270 5
1630 5
1641 5
16468 5
16514 5
16530 5
16602 5
16730 5
1695 5
17164 5
1725 5
17278 5
17305 5
1742 5
17546 5
17607 5
17654 5
17678 5
17855 5
17971 5
18038 5
18344 5
18447 5
19031 5
1930 5
1941 5
1947 5
195 5
2001 5
2052 5
2058 5
20836 5
21285 5
2207 5
2276 5
2325 5
2326 5
2395 5
2479 5
2566 5
2624 5
2653 5
2702 5
2703 5
2730 5
2790 5
2911 5
2913 5
2917 5
2919 5
3042 5
3061 5
3113 5
3137 5
3165 5
3174 5
3214 5
3234 5
3255 5
3305 5
3324 5
3358 5
3371 5
3384 5
3386 5
3408 5
3409 5
3462 5
3506 5
3573 5
3605 5
3616 5
3664 5
3671 5
3685 5
3689 5
3691 5
3704 5
3745 5
3758 5
3795 5
3796 5
3805 5
3832 5
3836 5
3843 5
3854 5
3890 5
3913 5
3952 5
4016 5
4045 5
4084 5
4090 5
4126 5
4130 5
4142 5
4151 5
4182 5
4244 5
4251 5
4285 5
4303 5
4305 5
4315 5
4354 5
4372 5
4386 5
4404 5
4411 5
4429 5
4432 5
4434 5
4450 5
4459 5
4477 5
4487 5
4498 5
4549 5
4562 5
4582 5
4583 5
4592 5
4601 5
4606 5
4639 5
4664 5
4669 5
4700 5
4788 5
4842 5
4848 5
4875 5
4877 5
4904 5
492 5
4939 5
5020 5
5028 5
5046 5
5048 5
5072 5
5089 5
5094 5
5109 5
5122 5
5156 5
5167 5
5175 5
5177 5
5190 5
5201 5
5239 5
5240 5
5247 5
5248 5
5256 5
5262 5
5297 5
5303 5
5304 5
5315 5
5316 5
5327 5
5377 5
5378 5
5433 5
5478 5
5514 5
5525 5
5529 5
5544 5
5597 5
5626 5
5643 5
5699 5
5711 5
5714 5
5724 5
5743 5
5754 5
5759 5
5767 5
5786 5
5811 5
5814 5
5825 5
5826 5
5827 5
5839 5
5848 5
5849 5
5872 5
5874 5
5879 5
5927 5
5972 5
5999 5
6006 5
6010 5
605 5
6058 5
6060 5
6093 5
61 5
6103 5
6119 5
6123 5
6125 5
6159 5
6194 5
6197 5
6199 5
6220 5
6243 5
6255 5
6257 5
6267 5
6300 5
6313 5
6333 5
6351 5
6355 5
6357 5
6360 5
6396 5
6400 5
6407 5
6457 5
6463 5
6469 5
6497 5
6506 5
6518 5
6546 5
6551 5
6560 5
6582 5
6585 5
6590 5
660 5
6602 5
6653 5
6669 5
6676 5
668 5
6724 5
6725 5
6726 5
6762 5
6813 5
6829 5
6850 5
6862 5
6872 5
6873 5
688 5
6885 5
6894 5
6913 5
6932 5
6948 5
6989 5
6995 5
7008 5
7011 5
7012 5
7022 5
7052 5
7054 5
7075 5
7087 5
7091 5
7092 5
7128 5
7147 5
7154 5
7157 5
7159 5
7172 5
7249 5
7277 5
7318 5
7319 5
7323 5
7347 5
7361 5
7403 5
7414 5
7438 5
7448 5
7453 5
7518 5
7533 5
7540 5
7575 5
7594 5
7612 5
7642 5
7665 5
7670 5
7673 5
7683 5
7684 5
7687 5
7731 5
7773 5
7782 5
7811 5
7817 5
7862 5
7864 5
7883 5
7899 5
7905 5
7913 5
7916 5
7969 5
7973 5
7979 5
7993 5
8024 5
8026 5
8035 5
8049 5
8055 5
8056 5
8074 5
8087 5
8094 5
8100 5
8110 5
8140 5
8144 5
8152 5
8154 5
8194 5
8245 5
8273 5
8301 5
8343 5
8348 5
8383 5
8384 5
8386 5
8392 5
8399 5
8405 5
8422 5
8424 5
8479 5
8499 5
8537 5
8562 5
8604 5
8606 5
8607 5
8616 5
8619 5
8625 5
8636 5
8665 5
8670 5
8675 5
8689 5
8693 5
8704 5
8712 5
8724 5
8734 5
8751 5
8755 5
8769 5
8770 5
8809 5
8810 5
8829 5
8833 5
8842 5
8856 5
8862 5
8872 5
8914 5
8945 5
8950 5
8960 5
8974 5
9023 5
9029 5
9078 5
9079 5
9080 5
9088 5
9103 5
9115 5
9131 5
9156 5
9198 5
9200 5
9207 5
9225 5
9241 5
9247 5
9264 5
9267 5
9330 5
9346 5
9354 5
9357 5
9369 5
9384 5
9402 5
9403 5
9439 5
9476 5
9486 5
9512 5
9547 5
9566 5
9567 5
9602 5
9612 5
9663 5
9675 5
9682 5
9699 5
9746 5
9748 5
9780 5
9794 5
9801 5
9826 5
9840 5
9850 5
9851 5
9852 5
9858 5
9865 5
9895 5
9921 5
9930 5
9933 5
9976 5
9983 5
9999 5
10019 4
10026 4
10037 4
10049 4
10064 4
10066 4
10070 4
10071 4
10081 4
10086 4
1010 4
10149 4
10165 4
10178 4
10189 4
10192 4
10206 4
10214 4
10216 4
10224 4
10235 4
10260 4
10263 4
10264 4
10280 4
10284 4
10294 4
10304 4
10311 4
10316 4
10324 4
10328 4
10332 4
10371 4
10372 4
10409 4
10410 4
10422 4
10426 4
10427 4
10443 4
10447 4
10461 4
10468 4
10469 4
10481 4
10498 4
10530 4
10537 4
10542 4
10573 4
10583 4
10604 4
10608 4
10617 4
10619 4
10620 4
10634 4
10642 4
10647 4
10649 4
10659 4
10688 4
10689 4
10747 4
10749 4
10768 4
10783 4
10803 4
10807 4
10815 4
10842 4
10844 4
10852 4
10857 4
10858 4
10865 4
10876 4
10886 4
10887 4
10894 4
10998 4
11011 4
1102 4
11068 4
11075 4
11089 4
11098 4
11111 4
1112 4
11123 4
11140 4
11141 4
11143 4
11181 4
11196 4
11226 4
11229 4
11245 4
11248 4
11259 4
11264 4
11287 4
11311 4
11314 4
11322 4
11350 4
11356 4
11377 4
11387 4
11388 4
11403 4
11405 4
11412 4
11426 4
11439 4
11444 4
11453 4
11472 4
11476 4
11484 4
11498 4
11508 4
1151 4
11520 4
11523 4
11563 4
11611 4
11615 4
11627 4
11632 4
11642 4
11646 4
11698 4
11707 4
11712 4
11729 4
11730 4
11746 4
11755 4
11773 4
11818 4
11839 4
11846 4
11860 4
1191 4
11912 4
11918 4
11950 4
11984 4
11989 4
11992 4
11996 4
12004 4
12028 4
12050 4
12076 4
12081 4
12089 4
12106 4
12116 4
12119 4
12130 4
12131 4
12136 4
12150 4
12179 4
12188 4
12245 4
12251 4
12258 4
12299 4
12307 4
12322 4
12324 4
12331 4
12341 4
12354 4
12358 4
12381 4
12384 4
12390 4
12394 4
12411 4
12412 4
12425 4
12433 4
12457 4
12464 4
12491 4
12495 4
1250 4
12508 4
12512 4
12532 4
12544 4
12545 4
12590 4
12591 4
12609 4
12618 4
12640 4
12669 4
12693 4
12713 4
12741 4
12751 4
12779 4
12797 4
12811 4
12813 4
12820 4
12847 4
12855 4
12862 4
12865 4
12881 4
12920 4
12948 4
12952 4
12964 4
12972 4
12974 4
12975 4
12986 4
13045 4
13047 4
13051 4
13058 4
13069 4
1312 4
13123 4
13146 4
13162 4
13185 4
13196 4
13209 4
13237 4
13254 4
13273 4
13282 4
13322 4
13323 4
13326 4
13357 4
13361 4
13362 4
13373 4
13375 4
13378 4
13393 4
1341 4
13423 4
13445 4
13504 4
13509 4
13518 4
13529 4
13535 4
13553 4
13555 4
13563 4
13594 4
13646 4
13647 4
13655 4
13690 4
13704 4
13706 4
13707 4
13711 4
13717 4
13732 4
13748 4
13791 4
13831 4
13842 4
13849 4
13858 4
13863 4
13890 4
13891 4
13892 4
13916 4
13943 4
13970 4
13982 4
13989 4
13994 4
14021 4
14027 4
14028 4
14049 4
14059 4
14067 4
14086 4
14094 4
14110 4
14113 4
14117 4
14127 4
14130 4
14142 4
14144 4
14162 4
14169 4
14175 4
14216 4
14235 4
14239 4
14241 4
14242 4
14264 4
14288 4
14305 4
14306 4
14327 4
14344 4
14365 4
14395 4
14445 4
14526 4
14550 4
14585 4
14590 4
14622 4
14624 4
14643 4
14705 4
14731 4
14745 4
14770 4
14786 4
14802 4
14807 4
14817 4
14862 4
14876 4
14877 4
14933 4
14934 4
14939 4
14975 4
14981 4
15000 4
15104 4
15122 4
15128 4
15167 4
15174 4
15214 4
15231 4
15268 4
15275 4
15315 4
15331 4
15333 4
15334 4
15342 4
15372 4
15408 4
15427 4
15476 4
15478 4
15492 4
15494 4
15504 4
15520 4
15562 4
15606 4
15686 4
15696 4
15704 4
15705 4
15713 4
15715 4
15744 4
15755 4
15758 4
15797 4
15801 4
15829 4
15863 4
15888 4
15904 4
15909 4
15910 4
15949 4
15970 4
15979 4
15982 4
15985 4
16047 4
16138 4
16150 4
16152 4
16163 4
16304 4
1631 4
16354 4
16395 4
16404 4
16423 4
16631 4
16654 4
16658 4
16669 4
16901 4
1691 4
16959 4
16971 4
17077 4
17166 4
17267 4
17308 4
17333 4
1735 4
1736 4
17365 4
17444 4
1755 4
1765 4
1782 4
17865 4
17886 4
1797 4
17975 4
18081 4
18087 4
18250 4
18337 4
1838 4
18397 4
18399 4
184 4
18502 4
18552 4
18595 4
1863 4
18696 4
18698 4
18854 4
18856 4
1886 4
1917 4
19192 4
1982 4
1997 4
20241 4
20397 4
2095 4
2100 4
2112 4
2147 4
2159 4
2236 4
2253 4
2254 4
2313 4
2362 4
2385 4
2393 4
2406 4
2426 4
2453 4
2481 4
2518 4
2565 4
2659 4
2660 4
2674 4
268 4
2683 4
2709 4
2726 4
2781 4
2836 4
2880 4
2883 4
2887 4
2888 4
2895 4
2903 4
2905 4
2910 4
2922 4
2925 4
2939 4
2941 4
2959 4
2960 4
2971 4
2977 4
2990 4
3003 4
305 4
3085 4
3090 4
3140 4
3191 4
3347 4
3349 4
3355 4
3389 4
3391 4
3392 4
3398 4
3401 4
3423 4
3425 4
3443 4
3472 4
3497 4
3518 4
3632 4
3692 4
3710 4
3717 4
3774 4
3791 4
3800 4
3870 4
3874 4
3888 4
3900 4
3907 4
3934 4
3979 4
3980 4
3999 4
4018 4
4036 4
4048 4
4049 4
4094 4
4123 4
4127 4
4138 4
4190 4
4196 4
4211 4
4213 4
4215 4
4232 4
4253 4
4275 4
4280 4
4296 4
4298 4
4310 4
4311 4
4346 4
4347 4
4349 4
4390 4
4448 4
4453 4
4469 4
4484 4
4495 4
4506 4
4512 4
4515 4
4521 4
4529 4
4530 4
4578 4
4632 4
4651 4
4655 4
4698 4
4701 4
4702 4
4715 4
4744 4
4777 4
4784 4
4789 4
4830 4
4845 4
4850 4
4851 4
4869 4
4903 4
4927 4
4935 4
4953 4
4954 4
4970 4
4990 4
5000 4
5004 4
5035 4
5106 4
5134 4
5153 4
5163 4
5169 4
5182 4
5214 4
5226 4
5263 4
5310 4
5326 4
5421 4
5482 4
549 4
5500 4
5520 4
5534 4
5542 4
5548 4
5561 4
5565 4
5586 4
5606 4
5617 4
5654 4
5657 4
5663 4
5673 4
5698 4
5704 4
5736 4
5742 4
5750 4
5789 4
5817 4
5828 4
5834 4
5835 4
5855 4
5861 4
5876 4
5895 4
5916 4
5920 4
5939 4
5943 4
5953 4
5979 4
6001 4
6008 4
6015 4
6029 4
6032 4
6047 4
6054 4
6064 4
6071 4
6114 4
6120 4
6134 4
6207 4
6216 4
6229 4
6230 4
6235 4
6240 4
6251 4
6254 4
6260 4
6262 4
6319 4
6326 4
6358 4
6372 4
6408 4
6414 4
6415 4
6430 4
6452 4
6458 4
6510 4
6535 4
6562 4
6566 4
6575 4
6579 4
6584 4
6587 4
6617 4
6624 4
6634 4
6640 4
6641 4
6655 4
6657 4
6668 4
6683 4
6702 4
6711 4
6714 4
6717 4
6751 4
6766 4
6769 4
6773 4
6775 4
6786 4
6787 4
6802 4
6803 4
6804 4
6805 4
6807 4
6841 4
6868 4
6887 4
6904 4
6928 4
6938 4
6939 4
6951 4
6960 4
6966 4
6986 4
6990 4
7001 4
7021 4
7028 4
7062 4
7072 4
7079 4
7096 4
7111 4
7156 4
7161 4
7166 4
7175 4
7185 4
7200 4
7228 4
7239 4
7244 4
7254 4
7259 4
7261 4
7269 4
7270 4
7294 4
7300 4
7327 4
7332 4
7335 4
7339 4
7346 4
7352 4
7370 4
7373 4
7378 4
7399 4
7408 4
7431 4
7440 4
7441 4
7463 4
7481 4
7487 4
7493 4
7517 4
7536 4
7566 4
7573 4
7618 4
7632 4
7654 4
7659 4
7664 4
7672 4
7697 4
7707 4
7708 4
7724 4
7726 4
7727 4
7736 4
7737 4
7753 4
7769 4
7774 4
7790 4
7793 4
7824 4
7829 4
7848 4
7850 4
7863 4
7928 4
7937 4
7938 4
7942 4
7950 4
7962 4
7967 4
7976 4
7980 4
7983 4
7985 4
7994 4
8017 4
8022 4
8029 4
8045 4
8051 4
8072 4
8101 4
8105 4
8109 4
8120 4
814 4
8168 4
8169 4
8171 4
8175 4
8195 4
8198 4
8199 4
8206 4
8218 4
8225 4
8234 4
8242 4
8243 4
8248 4
8255 4
8280 4
8303 4
8309 4
8314 4
8329 4
8335 4
8336 4
8337 4
8359 4
8378 4
8390 4
8397 4
84 4
8401 4
8412 4
8421 4
8426 4
8427 4
8429 4
8430 4
8443 4
8489 4
8491 4
8493 4
8500 4
8529 4
8542 4
8543 4
8545 4
8550 4
8572 4
8583 4
8585 4
8595 4
8602 4
8627 4
8631 4
8632 4
8637 4
8640 4
8651 4
8676 4
8706 4
8744 4
8756 4
8759 4
8787 4
8797 4
8819 4
8839 4
8851 4
8884 4
8913 4
8934 4
8949 4
8966 4
8977 4
8984 4
9001 4
9015 4
9028 4
9045 4
9058 4
9061 4
9089 4
9109 4
9114 4
9120 4
9129 4
9130 4
9155 4
9174 4
9178 4
9190 4
9191 4
9194 4
9202 4
9203 4
9221 4
9246 4
9252 4
9258 4
9274 4
9283 4
9287 4
9290 4
9291 4
9296 4
9331 4
9351 4
9353 4
9355 4
9358 4
9364 4
9383 4
9385 4
9387 4
9390 4
9407 4
9431 4
9442 4
9447 4
9448 4
9458 4
946 4
9463 4
9495 4
9500 4
9505 4
9507 4
9522 4
9525 4
9538 4
9573 4
9590 4
9592 4
9599 4
9600 4
9624 4
9646 4
9648 4
9654 4
9656 4
9666 4
9678 4
9717 4
9720 4
9736 4
9738 4
9744 4
9758 4
9761 4
9762 4
9779 4
9783 4
9793 4
9808 4
9810 4
9812 4
9813 4
9819 4
9833 4
9835 4
9839 4
9876 4
9885 4
9887 4
9920 4
9931 4
9936 4
9937 4
9939 4
9940 4
9959 4
9967 4
10000 3
10017 3
10043 3
10050 3
10054 3
10060 3
10062 3
10068 3
10079 3
10084 3
10092 3
10102 3
10103 3
10108 3
10126 3
10134 3
10135 3
10141 3
10143 3
10145 3
10164 3
10167 3
10174 3
10185 3
10187 3
10188 3
10193 3
10215 3
10217 3
10239 3
10240 3
10247 3
10248 3
10250 3
10259 3
1026 3
10277 3
10283 3
10288 3
10290 3
10293 3
10303 3
10319 3
1033 3
10336 3
10337 3
10348 3
10351 3
10352 3
10355 3
10356 3
10365 3
10381 3
10404 3
10412 3
10413 3
10417 3
10423 3
10433 3
10441 3
10442 3
10444 3
10445 3
10453 3
10458 3
10473 3
10484 3
10499 3
10500 3
10504 3
10508 3
10519 3
10520 3
10533 3
10544 3
10554 3
10563 3
10601 3
10603 3
10611 3
10616 3
1062 3
10624 3
10632 3
10635 3
10650 3
10653 3
10656 3
10664 3
10666 3
10680 3
10683 3
10687 3
10692 3
10708 3
10714 3
10717 3
10721 3
10728 3
1073 3
10737 3
10748 3
10764 3
10770 3
10771 3
10773 3
10785 3
10790 3
10811 3
1082 3
10832 3
10838 3
10872 3
10874 3
10896 3
10902 3
10905 3
10922 3
10937 3
10939 3
10940 3
10944 3
10947 3
10949 3
10957 3
10976 3
10985 3
10989 3
10990 3
10996 3
11019 3
11020 3
11026 3
11030 3
11031 3
11052 3
11064 3
11065 3
11069 3
11076 3
11082 3
11093 3
11105 3
11152 3
11158 3
11167 3
11169 3
11183 3
11187 3
11193 3
11203 3
11204 3
11214 3
11223 3
11233 3
11246 3
11252 3
11255 3
11257 3
11267 3
11269 3
11272 3
11276 3
11282 3
11286 3
11310 3
11312 3
11316 3
11323 3
11324 3
11328 3
11331 3
11333 3
11336 3
11344 3
11364 3
11384 3
11386 3
11411 3
11425 3
11435 3
11445 3
11447 3
11450 3
11451 3
11461 3
11463 3
11468 3
11469 3
11485 3
11490 3
11499 3
11505 3
11516 3
11517 3
11518 3
11519 3
11522 3
11532 3
11537 3
1156 3
11570 3
11576 3
11612 3
11614 3
11644 3
11662 3
11668 3
11669 3
11678 3
11682 3
11688 3
11695 3
11702 3
11703 3
11706 3
11715 3
1172 3
11722 3
11731 3
11736 3
11740 3
11754 3
11758 3
11765 3
11766 3
11767 3
11768 3
11784 3
11791 3
11794 3
11797 3
11802 3
11813 3
11817 3
11820 3
11824 3
11828 3
11830 3
11832 3
11856 3
11857 3
11858 3
11882 3
11883 3
11891 3
11898 3
11899 3
11903 3
11913 3
11917 3
11921 3
11924 3
11930 3
11935 3
11938 3
11940 3
11942 3
11951 3
11968 3
11982 3
11985 3
11988 3
12025 3
12043 3
12044 3
12058 3
12061 3
12079 3
12084 3
12086 3
12091 3
12097 3
12107 3
12114 3
12120 3
12122 3
1214 3
12141 3
12145 3
12154 3
12157 3
12178 3
12186 3
12194 3
12198 3
12204 3
12217 3
12224 3
12238 3
12246 3
12279 3
12281 3
12283 3
12284 3
12292 3
12295 3
12304 3
12308 3
12317 3
12321 3
12325 3
12329 3
12330 3
12337 3
12338 3
12342 3
12355 3
12357 3
12370 3
12388 3
12395 3
12405 3
12410 3
12413 3
12415 3
12418 3
12426 3
12443 3
12454 3
12458 3
12462 3
12465 3
12485 3
12492 3
12494 3
12525 3
12531 3
12564 3
12565 3
12568 3
12569 3
12571 3
12592 3
12593 3
12607 3
12621 3
12627 3
12630 3
12634 3
12635 3
12641 3
12649 3
12651 3
12652 3
12670 3
12673 3
12687 3
12696 3
12697 3
12701 3
12704 3
12710 3
12711 3
12712 3
12726 3
12772 3
12774 3
12775 3
12781 3
12784 3
12785 3
12788 3
12803 3
12807 3
12809 3
12818 3
12831 3
12839 3
12853 3
12871 3
12873 3
12893 3
12895 3
12902 3
12908 3
12933 3
12936 3
12942 3
12949 3
12969 3
12982 3
12990 3
12994 3
12997 3
13008 3
13049 3
13055 3
13072 3
13076 3
13078 3
1308 3
13101 3
13109 3
13119 3
13140 3
13143 3
13144 3
13147 3
13183 3
13184 3
13189 3
13193 3
13201 3
13213 3
13223 3
13224 3
13227 3
13236 3
13245 3
13248 3
13253 3
13256 3
13257 3
13261 3
13262 3
13264 3
13269 3
13270 3
13274 3
13287 3
13304 3
13305 3
13311 3
13312 3
13339 3
13341 3
13347 3
13372 3
13387 3
13394 3
13395 3
13400 3
13401 3
13404 3
13414 3
13419 3
13433 3
13437 3
13450 3
13478 3
13483 3
13484 3
13498 3
13503 3
13506 3
13507 3
13508 3
13516 3
13524 3
13543 3
13544 3
13546 3
13593 3
13623 3
13624 3
13645 3
13652 3
13668 3
13686 3
13688 3
13691 3
13696 3
13708 3
13720 3
13725 3
13726 3
13740 3
13741 3
13742 3
13758 3
13763 3
13767 3
13779 3
13801 3
13807 3
13809 3
13825 3
13832 3
13833 3
13840 3
13848 3
13901 3
13906 3
13907 3
13908 3
13919 3
13929 3
13941 3
13948 3
13954 3
13962 3
13967 3
13996 3
14002 3
14003 3
14006 3
14009 3
14047 3
14058 3
14062 3
14065 3
14099 3
14136 3
14148 3
14152 3
14172 3
1418 3
14190 3
14199 3
14206 3
14223 3
14227 3
1423 3
14238 3
14249 3
14257 3
14261 3
14265 3
14274 3
14277 3
14280 3
14287 3
14290 3
14298 3
14317 3
14325 3
14328 3
14335 3
14338 3
14339 3
14340 3
14357 3
14362 3
14371 3
14374 3
14378 3
14385 3
14388 3
1439 3
14404 3
14415 3
14422 3
14428 3
14447 3
14449 3
14455 3
14468 3
14474 3
14478 3
14482 3
14498 3
14514 3
14516 3
14531 3
14565 3
14578 3
14580 3
14587 3
14596 3
14604 3
14641 3
14646 3
14681 3
14682 3
14684 3
14685 3
14702 3
14709 3
14711 3
14718 3
14722 3
14736 3
14743 3
14748 3
14762 3
14766 3
14768 3
14788 3
14795 3
1481 3
14820 3
14830 3
14833 3
14846 3
14850 3
14853 3
14873 3
14875 3
14884 3
14885 3
14909 3
14916 3
14918 3
14924 3
14928 3
14959 3
14977 3
15001 3
15002 3
15030 3
15033 3
15053 3
15068 3
15086 3
15087 3
15099 3
15107 3
15138 3
15142 3
15149 3
15150 3
15164 3
15211 3
15212 3
15213 3
15217 3
15219 3
15225 3
15258 3
15260 3
15281 3
15287 3
15302 3
15313 3
15317 3
15319 3
15361 3
15381 3
15382 3
15401 3
15402 3
15415 3
15430 3
15437 3
15495 3
15496 3
1550 3
15506 3
15508 3
15516 3
15517 3
15539 3
15544 3
15550 3
15555 3
15566 3
15568 3
15570 3
1558 3
15583 3
15609 3
1561 3
15611 3
15622 3
15642 3
15646 3
15660 3
15670 3
15671 3
15674 3
15681 3
15682 3
1569 3
15692 3
15734 3
15738 3
15750 3
15757 3
15768 3
15787 3
15790 3
15793 3
15810 3
15834 3
15856 3
15879 3
15899 3
15914 3
15930 3
15941 3
15944 3
15964 3
15993 3
15998 3
16006 3
16025 3
16045 3
16056 3
16063 3
16069 3
16079 3
16088 3
16100 3
16116 3
16155 3
16160 3
16178 3
16187 3
16189 3
16190 3
16191 3
16193 3
16194 3
16195 3
16197 3
16206 3
16210 3
16236 3
16251 3
16284 3
16298 3
16329 3
16339 3
16356 3
16386 3
16402 3
16410 3
16433 3
16442 3
16472 3
16500 3
16524 3
16539 3
16551 3
16555 3
16584 3
16596 3
16636 3
16638 3
16647 3
167 3
1670 3
16708 3
16717 3
16721 3
16723 3
16728 3
16729 3
16735 3
16771 3
16778 3
16780 3
16819 3
16829 3
16836 3
16846 3
16886 3
16895 3
16904 3
16943 3
16957 3
17005 3
17024 3
1703 3
17037 3
17047 3
17057 3
17065 3
17072 3
1708 3
17089 3
17160 3
17195 3
17196 3
17211 3
17220 3
17227 3
17262 3
17290 3
17295 3
17299 3
17334 3
17345 3
17351 3
17395 3
17416 3
17417 3
17422 3
1743 3
17449 3
17498 3
17523 3
17525 3
17526 3
17530 3
17601 3
17620 3
17621 3
17631 3
17648 3
17658 3
17671 3
17785 3
17789 3
17830 3
17881 3
18006 3
18010 3
18084 3
18137 3
18143 3
18162 3
18165 3
18216 3
1823 3
18327 3
18330 3
18405 3
18433 3
18443 3
18472 3
18489 3
1855 3
18578 3
18599 3
1861 3
18646 3
18651 3
18659 3
18749 3
18871 3
1891 3
19023 3
19083 3
1912 3
19144 3
19173 3
19184 3
19194 3
19250 3
19313 3
19333 3
19441 3
19445 3
19500 3
19530 3
1957 3
19626 3
1975 3
19842 3
19906 3
19960 3
19968 3
19969 3
20062 3
2015 3
20164 3
20178 3
20287 3
20299 3
20341 3
20576 3
2063 3
20768 3
2078 3
20859 3
20879 3
2131 3
2194 3
2199 3
2200 3
2228 3
2242 3
2262 3
2271 3
2274 3
2339 3
2378 3
2435 3
2439 3
2516 3
2523 3
2545 3
2554 3
2563 3
2605 3
2619 3
2620 3
2623 3
2666 3
2696 3
2719 3
2733 3
2767 3
2782 3
2794 3
2914 3
2926 3
2931 3
3069 3
3095 3
3102 3
3107 3
3114 3
3124 3
3134 3
3157 3
3179 3
3180 3
3202 3
3236 3
3244 3
3275 3
3281 3
3297 3
3303 3
3319 3
3337 3
3356 3
3415 3
3418 3
3456 3
3487 3
3569 3
3571 3
3591 3
3594 3
3601 3
3621 3
3624 3
3654 3
3658 3
3673 3
3696 3
3697 3
3712 3
3725 3
3733 3
3749 3
3770 3
3789 3
3811 3
3812 3
3818 3
3833 3
385 3
3850 3
3861 3
3862 3
3867 3
3912 3
3955 3
3967 3
3984 3
4047 3
4065 3
4073 3
4075 3
4076 3
4077 3
4112 3
4133 3
4150 3
4197 3
4198 3
4199 3
4200 3
4202 3
4205 3
4225 3
4242 3
4266 3
4277 3
4281 3
4297 3
4306 3
4308 3
4330 3
4361 3
4363 3
4366 3
4371 3
4373 3
4381 3
4389 3
4401 3
4403 3
4446 3
4488 3
4499 3
4509 3
4511 3
4531 3
4542 3
4550 3
4563 3
4572 3
4597 3
4608 3
4609 3
4621 3
4633 3
4654 3
4668 3
4676 3
4689 3
4717 3
4729 3
4733 3
4738 3
4741 3
4747 3
4771 3
4776 3
4809 3
4811 3
4826 3
4862 3
4864 3
4865 3
4866 3
4882 3
490 3
4916 3
4921 3
4925 3
4934 3
4943 3
4944 3
4946 3
4962 3
5018 3
5029 3
5049 3
5056 3
5063 3
5091 3
5102 3
5127 3
5128 3
5130 3
5131 3
5139 3
5146 3
5148 3
5150 3
5186 3
5187 3
5189 3
5199 3
5205 3
5217 3
5218 3
5220 3
5234 3
5278 3
5280 3
5282 3
5290 3
5305 3
5308 3
5321 3
5332 3
5338 3
5347 3
5360 3
5362 3
5364 3
5365 3
5379 3
5402 3
5412 3
5414 3
5419 3
5435 3
5474 3
5485 3
5491 3
5492 3
5495 3
5507 3
5524 3
556 3
5583 3
5595 3
5599 3
5607 3
5630 3
5636 3
5638 3
5644 3
5646 3
5668 3
5670 3
5690 3
5716 3
5740 3
5751 3
5771 3
5773 3
5781 3
5821 3
5822 3
5860 3
5868 3
5903 3
5918 3
5938 3
5954 3
5969 3
6018 3
6023 3
6056 3
6065 3
6076 3
6083 3
6091 3
6092 3
6127 3
6128 3
6153 3
6165 3
6175 3
6176 3
6193 3
6210 3
6211 3
6219 3
6226 3
6231 3
6236 3
6238 3
6247 3
6252 3
6258 3
6272 3
628 3
6290 3
6302 3
6327 3
6330 3
6334 3
6344 3
6376 3
6378 3
6387 3
6393 3
6402 3
6404 3
6416 3
6420 3
6426 3
6444 3
6453 3
6466 3
6470 3
6481 3
6489 3
6492 3
6501 3
6503 3
6525 3
654 3
6554 3
6567 3
6573 3
6576 3
6578 3
6583 3
6588 3
6595 3
6601 3
6608 3
6621 3
6622 3
6645 3
6650 3
666 3
6666 3
6679 3
6689 3
6713 3
6732 3
6737 3
6738 3
6745 3
6770 3
6771 3
6774 3
6777 3
6810 3
6815 3
6819 3
6826 3
6828 3
6833 3
6835 3
6851 3
6874 3
6881 3
6888 3
6897 3
6900 3
6901 3
6905 3
6908 3
6912 3
6917 3
6925 3
6934 3
696 3
6963 3
6965 3
6970 3
6981 3
6994 3
7018 3
7023 3
7037 3
7040 3
7058 3
7060 3
7064 3
7068 3
7070 3
7080 3
7112 3
7117 3
7120 3
7124 3
7126 3
7132 3
7144 3
7146 3
7170 3
7188 3
7192 3
7217 3
7219 3
7221 3
7232 3
7241 3
7265 3
7280 3
7291 3
7309 3
7314 3
7324 3
7362 3
7367 3
7368 3
7375 3
7377 3
7380 3
7398 3
7404 3
7411 3
7417 3
7425 3
7430 3
7432 3
7433 3
7446 3
7460 3
7490 3
7492 3
7513 3
7515 3
7524 3
7530 3
7534 3
7546 3
755 3
7550 3
7585 3
7600 3
7646 3
7648 3
765 3
7656 3
7658 3
7674 3
7685 3
7690 3
7693 3
7699 3
7705 3
7709 3
7730 3
7746 3
7747 3
7755 3
7756 3
7757 3
7778 3
7792 3
7794 3
7803 3
7814 3
7818 3
7830 3
7845 3
7869 3
7870 3
7884 3
7888 3
7893 3
7895 3
7922 3
7947 3
7987 3
7992 3
7998 3
8004 3
8031 3
8032 3
8038 3
8076 3
8081 3
8084 3
8126 3
8141 3
8146 3
8147 3
8151 3
8170 3
8209 3
8211 3
8226 3
8257 3
8279 3
8291 3
8293 3
8294 3
8295 3
8302 3
8318 3
8341 3
8350 3
8355 3
8369 3
8391 3
8402 3
8406 3
8413 3
8432 3
8438 3
8449 3
8451 3
8452 3
8459 3
8464 3
8466 3
8467 3
8471 3
8473 3
8480 3
8497 3
8511 3
8526 3
8531 3
8546 3
8558 3
8560 3
8563 3
8566 3
8582 3
8586 3
8590 3
8591 3
8594 3
8596 3
8621 3
8623 3
8629 3
8652 3
8661 3
8662 3
8663 3
8683 3
869 3
8694 3
8711 3
8715 3
8716 3
8722 3
8723 3
8743 3
8749 3
8764 3
8768 3
8771 3
8772 3
8777 3
8781 3
8792 3
8800 3
8803 3
8811 3
8825 3
8837 3
8838 3
8845 3
8849 3
8863 3
8873 3
8882 3
8883 3
8895 3
8896 3
8898 3
8912 3
8931 3
8932 3
8942 3
8953 3
8954 3
8959 3
8965 3
8970 3
8971 3
8975 3
8978 3
8979 3
8996 3
9008 3
9011 3
9020 3
9021 3
9030 3
9033 3
9034 3
9035 3
9040 3
9052 3
9054 3
9063 3
9065 3
9075 3
9077 3
9081 3
9086 3
9098 3
910 3
9110 3
9125 3
9133 3
9143 3
9168 3
9170 3
9171 3
9182 3
9193 3
9204 3
9216 3
9230 3
9231 3
9235 3
9240 3
9254 3
9255 3
9265 3
9275 3
9276 3
9282 3
9284 3
9293 3
9298 3
9306 3
9309 3
9321 3
9323 3
9332 3
9337 3
9349 3
9359 3
9361 3
9368 3
9370 3
9381 3
9411 3
9421 3
9423 3
9424 3
9441 3
9456 3
9459 3
9462 3
9464 3
9465 3
9466 3
9481 3
9490 3
9506 3
9517 3
9518 3
9521 3
9561 3
9563 3
9577 3
9584 3
9586 3
9593 3
9596 3
9601 3
9604 3
9613 3
9614 3
9632 3
9633 3
9642 3
9650 3
9657 3
9667 3
9686 3
9700 3
9709 3
9714 3
9728 3
9740 3
9743 3
9747 3
9760 3
9778 3
9782 3
9784 3
9811 3
9816 3
9821 3
9844 3
9845 3
9846 3
9861 3
9866 3
9884 3
9891 3
9899 3
9900 3
9907 3
9915 3
9926 3
9928 3
9955 3
9958 3
9979 3
9996 3
10020 2
10022 2
10025 2
10027 2
10041 2
10044 2
10045 2
10046 2
10052 2
10053 2
10055 2
10057 2
10065 2
10069 2
10075 2
10076 2
10080 2
10083 2
10091 2
10105 2
10111 2
10112 2
10117 2
10118 2
10120 2
10128 2
10129 2
10131 2
10136 2
10138 2
10151 2
10154 2
10155 2
10159 2
10162 2
10168 2
10169 2
10170 2
10179 2
10202 2
10204 2
10210 2
10218 2
10225 2
10227 2
10232 2
10251 2
10252 2
10262 2
10272 2
10273 2
10275 2
10281 2
10286 2
10287 2
10291 2
10295 2
10313 2
10321 2
10322 2
10326 2
10330 2
10345 2
10346 2
10349 2
10373 2
10374 2
10376 2
10402 2
10411 2
10415 2
10419 2
10424 2
10425 2
10428 2
10437 2
10451 2
10454 2
10457 2
10460 2
10463 2
10464 2
10467 2
10471 2
10476 2
10489 2
10491 2
10496 2
10501 2
10512 2
10532 2
10536 2
10538 2
10539 2
10540 2
10552 2
10569 2
10575 2
10581 2
10584 2
10588 2
10591 2
10595 2
10618 2
10629 2
10633 2
10648 2
10657 2
10658 2
10663 2
10665 2
1067 2
10674 2
10684 2
10691 2
10697 2
10700 2
1071 2
10712 2
10725 2
10729 2
10743 2
10746 2
10753 2
10759 2
10761 2
10769 2
10772 2
10778 2
10780 2
10781 2
10784 2
10793 2
10802 2
10809 2
10810 2
10814 2
10817 2
10826 2
10828 2
10829 2
10837 2
10839 2
10843 2
10845 2
10848 2
10851 2
10860 2
10864 2
10866 2
10873 2
10877 2
10882 2
10883 2
10884 2
10888 2
10891 2
10893 2
10901 2
10919 2
10920 2
10923 2
10928 2
10930 2
10934 2
10935 2
10954 2
10955 2
10970 2
10971 2
10972 2
10973 2
10978 2
10979 2
10982 2
10992 2
10994 2
10999 2
11001 2
11014 2
11017 2
11022 2
11024 2
11025 2
11028 2
11032 2
11036 2
11037 2
11038 2
11045 2
11053 2
11056 2
11057 2
11058 2
11060 2
11063 2
11087 2
11096 2
11099 2
11100 2
11102 2
11103 2
11104 2
11106 2
11112 2
11113 2
11117 2
11126 2
11127 2
11128 2
11135 2
11136 2
11153 2
11157 2
11160 2
11162 2
11164 2
11175 2
11179 2
11180 2
11188 2
11189 2
11195 2
11201 2
11205 2
11208 2
11210 2
11213 2
11217 2
11218 2
11222 2
11224 2
11230 2
11234 2
11241 2
11242 2
11243 2
11254 2
11261 2
11271 2
11284 2
11291 2
11295 2
11302 2
11305 2
11306 2
11307 2
11308 2
11320 2
11332 2
11341 2
11348 2
11359 2
11362 2
11366 2
11367 2
11371 2
11374 2
11380 2
11389 2
11393 2
11394 2
11396 2
11400 2
11401 2
11409 2
11419 2
11420 2
11421 2
11434 2
11438 2
11458 2
11460 2
11462 2
11466 2
11470 2
11475 2
11477 2
11478 2
11480 2
11488 2
11491 2
11493 2
11494 2
11495 2
11497 2
11501 2
11506 2
11509 2
11510 2
11515 2
11521 2
11530 2
11535 2
11540 2
1155 2
11550 2
11552 2
11556 2
11562 2
11577 2
11579 2
11580 2
11590 2
11596 2
11606 2
11609 2
11610 2
11616 2
11621 2
11624 2
11633 2
11639 2
11647 2
11650 2
11653 2
11656 2
11660 2
11663 2
11665 2
11666 2
11677 2
11681 2
11686 2
11687 2
11689 2
11690 2
11691 2
11700 2
11701 2
11708 2
11713 2
11717 2
11718 2
11720 2
11723 2
11743 2
11747 2
11748 2
11749 2
11751 2
11757 2
11763 2
11772 2
11774 2
11775 2
11776 2
11778 2
11782 2
11786 2
11810 2
11815 2
11819 2
11821 2
11823 2
11826 2
11827 2
11833 2
11843 2
11844 2
11845 2
11849 2
11850 2
11851 2
11852 2
11855 2
11863 2
11866 2
11867 2
11869 2
11873 2
11878 2
11881 2
11894 2
11895 2
11896 2
11900 2
11906 2
11907 2
11909 2
11914 2
11919 2
11922 2
11923 2
11925 2
11926 2
11931 2
11932 2
11933 2
11934 2
11937 2
11941 2
11952 2
11954 2
11955 2
11957 2
11958 2
11961 2
11962 2
11966 2
11970 2
11971 2
11972 2
11975 2
11993 2
11995 2
12000 2
12002 2
12003 2
12005 2
12023 2
12024 2
12032 2
12035 2
12037 2
12038 2
12040 2
12042 2
12052 2
12059 2
12063 2
12077 2
12080 2
12085 2
12092 2
12095 2
12098 2
12099 2
12100 2
12110 2
12118 2
12126 2
12129 2
12134 2
12137 2
12139 2
12148 2
12153 2
12162 2
12164 2
12171 2
12175 2
12177 2
1218 2
12181 2
12187 2
12200 2
12205 2
12209 2
12210 2
12211 2
12216 2
12218 2
12219 2
12235 2
12239 2
12241 2
12244 2
12247 2
12252 2
12264 2
12266 2
12272 2
12275 2
12277 2
12278 2
12282 2
12285 2
12287 2
12289 2
12294 2
12302 2
12303 2
12306 2
12309 2
12310 2
12318 2
12320 2
12332 2
1234 2
12360 2
12363 2
12371 2
12373 2
12379 2
12382 2
12383 2
12385 2
12386 2
12400 2
12403 2
1241 2
12414 2
12419 2
12423 2
12429 2
12435 2
12436 2
12438 2
12449 2
12450 2
12451 2
12461 2
12466 2
12470 2
12476 2
12479 2
12480 2
12483 2
12490 2
12499 2
12502 2
12504 2
12509 2
12510 2
12513 2
12516 2
12527 2
12530 2
12533 2
12536 2
12541 2
12547 2
12548 2
12549 2
12550 2
12551 2
12554 2
12555 2
12556 2
12561 2
12563 2
12570 2
12576 2
12577 2
12581 2
12582 2
12584 2
12585 2
12595 2
12597 2
12599 2
12604 2
12605 2
12615 2
12619 2
12623 2
12624 2
12628 2
12633 2
12636 2
12645 2
12647 2
12650 2
12657 2
12661 2
12665 2
12668 2
12674 2
12675 2
12677 2
12683 2
12684 2
12690 2
12700 2
12703 2
12709 2
12720 2
12727 2
12728 2
12732 2
12739 2
12744 2
12746 2
12750 2
12754 2
12755 2
12756 2
12757 2
12758 2
12760 2
12763 2
12780 2
1279 2
12800 2
12804 2
12805 2
12808 2
12814 2
12815 2
12824 2
12833 2
12835 2
12836 2
12842 2
12854 2
12864 2
12866 2
12870 2
12872 2
12875 2
12877 2
12879 2
12885 2
12887 2
12888 2
12891 2
12892 2
12903 2
12904 2
12905 2
12906 2
1291 2
12912 2
12913 2
12924 2
12926 2
12927 2
12938 2
12939 2
12943 2
12951 2
12955 2
12956 2
12959 2
12967 2
12976 2
12979 2
12981 2
12983 2
12992 2
12999 2
13003 2
13006 2
13007 2
13015 2
13019 2
13020 2
13022 2
13024 2
13030 2
13039 2
13040 2
13043 2
13053 2
13067 2
13070 2
13089 2
13093 2
13103 2
13105 2
13114 2
13117 2
13121 2
13122 2
13128 2
13130 2
13137 2
13138 2
13141 2
13154 2
13159 2
13160 2
13168 2
13173 2
13174 2
13179 2
13182 2
13191 2
13194 2
13199 2
13202 2
13203 2
13208 2
13211 2
13216 2
13217 2
13220 2
13229 2
13233 2
13235 2
13238 2
13246 2
13250 2
13255 2
13258 2
13259 2
13279 2
13286 2
13289 2
13291 2
13292 2
13295 2
13296 2
13298 2
13300 2
13301 2
13309 2
13310 2
13329 2
13333 2
13334 2
13343 2
13348 2
13351 2
13358 2
13363 2
13364 2
13366 2
13380 2
13381 2
13396 2
13411 2
13418 2
13420 2
13428 2
13430 2
13434 2
13439 2
13447 2
13459 2
13465 2
13468 2
13470 2
13471 2
13475 2
13486 2
13490 2
13491 2
13492 2
13496 2
13505 2
13511 2
13519 2
13526 2
13527 2
13534 2
13538 2
13539 2
13552 2
13558 2
13561 2
13564 2
13571 2
13591 2
13596 2
13597 2
13600 2
13609 2
13611 2
13613 2
13618 2
13620 2
13621 2
13631 2
13634 2
13638 2
13639 2
13640 2
13641 2
13643 2
13648 2
13649 2
13661 2
13662 2
13666 2
13671 2
13672 2
13679 2
13685 2
13689 2
13695 2
13699 2
13709 2
13722 2
13723 2
13727 2
13733 2
13734 2
13744 2
13745 2
13750 2
13752 2
13759 2
13762 2
13768 2
13769 2
13770 2
13774 2
13780 2
13783 2
13787 2
13790 2
13794 2
13795 2
13796 2
13799 2
13802 2
13808 2
13812 2
13815 2
13816 2
13818 2
13820 2
13823 2
13826 2
13827 2
13835 2
13836 2
13843 2
13845 2
13859 2
13860 2
13861 2
13871 2
13875 2
13876 2
13878 2
13879 2
13880 2
13883 2
13887 2
13905 2
13911 2
13920 2
13923 2
13924 2
13925 2
13927 2
13928 2
13931 2
13933 2
13935 2
13936 2
13937 2
13940 2
13945 2
13946 2
13947 2
13951 2
13958 2
13960 2
13964 2
13969 2
13971 2
13975 2
13985 2
13988 2
13998 2
13999 2
14010 2
14011 2
14012 2
14024 2
14025 2
14037 2
14040 2
14046 2
14048 2
14050 2
14051 2
14055 2
14056 2
14064 2
14066 2
14068 2
14078 2
14079 2
14083 2
14087 2
14090 2
14091 2
14097 2
14100 2
14102 2
14103 2
14106 2
14107 2
14109 2
14111 2
14112 2
14120 2
14139 2
14140 2
14151 2
14155 2
14157 2
14167 2
14171 2
14180 2
14184 2
14186 2
14189 2
14192 2
14194 2
14202 2
14203 2
14217 2
14220 2
14230 2
14231 2
14236 2
14240 2
14243 2
14244 2
14245 2
14251 2
14256 2
14266 2
14268 2
14271 2
14272 2
14282 2
14284 2
14285 2
14296 2
14299 2
14308 2
14309 2
14310 2
14312 2
14314 2
14341 2
14348 2
14353 2
14368 2
14369 2
14370 2
14375 2
14379 2
14380 2
14393 2
14400 2
14402 2
14407 2
14408 2
14414 2
14420 2
14424 2
14430 2
14443 2
14446 2
14454 2
14463 2
14467 2
14472 2
14476 2
14480 2
14487 2
14492 2
14494 2
14497 2
14499 2
14502 2
14503 2
14505 2
14520 2
14536 2
14538 2
14542 2
14545 2
14560 2
14569 2
14574 2
14577 2
14579 2
14591 2
14593 2
14594 2
14597 2
14598 2
14608 2
14610 2
14616 2
14619 2
14625 2
14637 2
14638 2
14644 2
14647 2
14649 2
14651 2
14661 2
14668 2
14671 2
14674 2
14677 2
14680 2
14683 2
14688 2
14695 2
14696 2
14697 2
14699 2
14704 2
14706 2
14707 2
14708 2
14721 2
14724 2
14728 2
14729 2
14735 2
14737 2
14739 2
14740 2
14744 2
14749 2
14767 2
1477 2
14773 2
14777 2
14779 2
14783 2
14784 2
14785 2
14790 2
14798 2
14801 2
14805 2
14808 2
14809 2
14813 2
14822 2
14824 2
14829 2
14835 2
14836 2
14837 2
14839 2
14841 2
14849 2
14852 2
14859 2
14866 2
14867 2
14879 2
14889 2
14894 2
14895 2
14896 2
14898 2
14904 2
14912 2
14915 2
14922 2
14925 2
14931 2
14936 2
14943 2
14945 2
14947 2
14952 2
14956 2
14957 2
14979 2
14986 2
14989 2
15004 2
15010 2
15011 2
15012 2
15017 2
15019 2
15020 2
15047 2
15048 2
15049 2
15054 2
15058 2
15064 2
15065 2
15069 2
15072 2
15074 2
15075 2
15076 2
15078 2
15079 2
15081 2
15083 2
15085 2
15088 2
15098 2
15103 2
15106 2
15109 2
15111 2
15112 2
15115 2
15118 2
15120 2
15121 2
15123 2
15133 2
15134 2
15135 2
15136 2
15137 2
15139 2
15140 2
15146 2
15161 2
15171 2
15179 2
15180 2
15189 2
1519 2
15190 2
15191 2
15194 2
15196 2
15198 2
15200 2
15209 2
15215 2
15216 2
15218 2
15220 2
15221 2
15222 2
15224 2
15226 2
15227 2
15229 2
15230 2
15235 2
15238 2
15251 2
15252 2
15257 2
15265 2
15273 2
15288 2
15292 2
15305 2
15318 2
15320 2
15323 2
15328 2
15330 2
15332 2
15335 2
15339 2
15344 2
15348 2
15353 2
15357 2
15360 2
15373 2
15375 2
15376 2
15377 2
15378 2
1539 2
15393 2
15403 2
15404 2
15407 2
15411 2
15413 2
15416 2
15424 2
15441 2
15444 2
15445 2
15448 2
15457 2
15459 2
15466 2
15467 2
15473 2
15474 2
15484 2
15487 2
15491 2
15503 2
15505 2
15519 2
15521 2
15527 2
15530 2
15532 2
15535 2
15548 2
15551 2
15553 2
15575 2
15581 2
15586 2
15589 2
15591 2
15593 2
15594 2
15596 2
15601 2
15612 2
15614 2
15616 2
15621 2
15625 2
15627 2
15633 2
15636 2
15638 2
15648 2
15651 2
15652 2
15655 2
15658 2
15661 2
15663 2
15669 2
15672 2
15679 2
15685 2
15687 2
15688 2
15697 2
15699 2
1571 2
15714 2
15721 2
15723 2
15728 2
15739 2
15741 2
15742 2
15743 2
15754 2
15759 2
15760 2
15762 2
15765 2
15773 2
15775 2
15776 2
15785 2
15791 2
15794 2
15795 2
15796 2
15799 2
15804 2
15808 2
15816 2
15821 2
15823 2
15828 2
15845 2
15847 2
15849 2
15851 2
15852 2
15853 2
15854 2
15867 2
15872 2
15874 2
15877 2
15878 2
15883 2
15884 2
15885 2
15893 2
15895 2
15898 2
15901 2
1591 2
15920 2
15932 2
15936 2
15939 2
15942 2
15947 2
15951 2
15952 2
15956 2
15958 2
15963 2
15965 2
15966 2
15968 2
15972 2
15974 2
15977 2
15980 2
15983 2
15984 2
15987 2
15989 2
16005 2
16013 2
16016 2
16018 2
16026 2
16027 2
16030 2
16032 2
16033 2
16037 2
16038 2
16050 2
16053 2
1606 2
16060 2
16070 2
16073 2
16076 2
16080 2
16083 2
16084 2
16086 2
16089 2
16092 2
16094 2
16098 2
16099 2
16101 2
16105 2
16109 2
16114 2
16121 2
16123 2
16127 2
16130 2
16136 2
16137 2
16141 2
16146 2
16157 2
16159 2
16161 2
16166 2
16169 2
16170 2
16175 2
16198 2
16199 2
16200 2
16202 2
1621 2
16216 2
16217 2
16220 2
16225 2
16228 2
16230 2
16235 2
16241 2
16242 2
16246 2
16253 2
16255 2
16257 2
16261 2
16263 2
16264 2
16265 2
16268 2
16269 2
1627 2
16273 2
16280 2
16283 2
16290 2
16295 2
16300 2
16301 2
16305 2
16312 2
16313 2
16315 2
16319 2
16325 2
16332 2
16336 2
16338 2
16345 2
16357 2
16361 2
16368 2
16375 2
16378 2
16380 2
16387 2
16388 2
16400 2
16403 2
16407 2
16408 2
16409 2
16414 2
16421 2
16428 2
16437 2
16439 2
16444 2
16447 2
16453 2
16454 2
16455 2
16460 2
16467 2
16470 2
16471 2
16486 2
16488 2
16489 2
16492 2
16498 2
16499 2
16506 2
16510 2
16511 2
16536 2
16547 2
16563 2
16565 2
16567 2
16568 2
16574 2
16582 2
16587 2
16589 2
16591 2
16595 2
16597 2
16621 2
16623 2
16626 2
16633 2
16637 2
16645 2
16650 2
16652 2
16653 2
16655 2
16656 2
16660 2
16665 2
16667 2
16674 2
16676 2
16679 2
16683 2
16686 2
16688 2
16689 2
16692 2
16693 2
16698 2
16701 2
16702 2
16705 2
16711 2
16714 2
16727 2
16741 2
16746 2
16749 2
16753 2
16763 2
1677 2
16770 2
16772 2
16774 2
16782 2
16800 2
16801 2
16804 2
16805 2
16807 2
16814 2
16816 2
16817 2
16820 2
16824 2
16827 2
16832 2
16840 2
16842 2
16852 2
16853 2
16861 2
16869 2
16871 2
16881 2
16885 2
16889 2
16903 2
16905 2
16906 2
16907 2
16909 2
16913 2
16920 2
16924 2
16926 2
16928 2
16931 2
16941 2
16947 2
16949 2
16955 2
16967 2
16976 2
16977 2
16979 2
16980 2
16982 2
16995 2
16997 2
17008 2
17009 2
17016 2
17050 2
17052 2
17059 2
17062 2
1707 2
17073 2
17076 2
17078 2
17084 2
17088 2
17097 2
17108 2
17118 2
17121 2
17122 2
17126 2
17135 2
17141 2
17142 2
17154 2
17161 2
17170 2
17176 2
17184 2
17194 2
17199 2
17204 2
17205 2
17207 2
17232 2
17244 2
17250 2
17264 2
17274 2
17276 2
17277 2
17294 2
17301 2
17302 2
17309 2
17310 2
17311 2
17313 2
17323 2
17329 2
17346 2
17356 2
17363 2
17376 2
17382 2
17396 2
17401 2
17420 2
17438 2
17439 2
17450 2
17451 2
17452 2
17454 2
17457 2
17488 2
17492 2
17494 2
17500 2
17502 2
17503 2
17506 2
17508 2
17527 2
17538 2
17539 2
17541 2
17543 2
17545 2
17547 2
17549 2
17556 2
17566 2
17575 2
17586 2
17587 2
17588 2
17605 2
17619 2
17623 2
17626 2
17627 2
17632 2
17646 2
17664 2
17666 2
17668 2
1768 2
17680 2
17682 2
17684 2
17704 2
17705 2
17706 2
17713 2
17714 2
1772 2
17725 2
17734 2
17741 2
17753 2
17754 2
17766 2
17767 2
17771 2
17772 2
17781 2
17792 2
17795 2
17799 2
17802 2
17811 2
17814 2
17818 2
17820 2
17824 2
17834 2
17849 2
17859 2
17861 2
17866 2
17870 2
17876 2
17882 2
17883 2
17884 2
17895 2
17899 2
17901 2
17902 2
17903 2
17911 2
17914 2
17918 2
17926 2
17927 2
17948 2
17950 2
17951 2
17952 2
17953 2
17957 2
17961 2
17966 2
17979 2
17985 2
1799 2
17991 2
17994 2
17997 2
17999 2
18001 2
18002 2
18005 2
18008 2
18023 2
18033 2
18042 2
18044 2
18047 2
18049 2
18058 2
1806 2
1807 2
18074 2
18076 2
18086 2
18091 2
18093 2
18102 2
18113 2
18116 2
18119 2
18122 2
1813 2
18138 2
18141 2
18147 2
18148 2
18152 2
18166 2
18172 2
18174 2
18177 2
18179 2
18180 2
18192 2
18208 2
18215 2
18221 2
18233 2
18237 2
18247 2
18251 2
18252 2
18253 2
18261 2
18262 2
18265 2
18267 2
18282 2
18287 2
18301 2
18311 2
18320 2
18324 2
18342 2
18343 2
18347 2
18358 2
18361 2
18363 2
18373 2
18376 2
18392 2
18396 2
18402 2
18419 2
18441 2
1845 2
18451 2
1846 2
18462 2
18474 2
18481 2
18484 2
18486 2
18487 2
18490 2
18494 2
18498 2
18503 2
18504 2
18524 2
18540 2
18545 2
18559 2
18560 2
18566 2
18574 2
18582 2
18602 2
18609 2
18618 2
18627 2
18630 2
18631 2
18633 2
18639 2
18640 2
18643 2
18645 2
18647 2
18648 2
18669 2
18675 2
18677 2
18682 2
18684 2
18685 2
18704 2
18716 2
18719 2
18721 2
18731 2
18764 2
18770 2
18797 2
18798 2
18816 2
18818 2
1882 2
18820 2
18827 2
18850 2
18853 2
18859 2
18874 2
18881 2
18883 2
18889 2
18925 2
18934 2
18940 2
18942 2
18949 2
18955 2
18961 2
18962 2
18966 2
18967 2
18968 2
18969 2
18975 2
18992 2
18995 2
18997 2
19019 2
19039 2
19053 2
19061 2
19064 2
19066 2
19070 2
19084 2
19093 2
19112 2
19117 2
19122 2
19124 2
19131 2
19132 2
19146 2
19160 2
19174 2
19176 2
19180 2
19196 2
19235 2
19251 2
19272 2
19306 2
19307 2
19335 2
19353 2
1936 2
19376 2
19399 2
19423 2
19429 2
19460 2
19471 2
19472 2
19480 2
19485 2
19493 2
19505 2
19506 2
19508 2
19520 2
19521 2
19522 2
19547 2
1956 2
19594 2
19618 2
19625 2
1964 2
19643 2
1965 2
19656 2
19662 2
19668 2
19719 2
19725 2
19727 2
19729 2
19740 2
19750 2
19759 2
19766 2
19768 2
1977 2
19806 2
19815 2
19846 2
19847 2
1986 2
19874 2
19893 2
19897 2
19902 2
19903 2
19919 2
19924 2
19951 2
19993 2
19997 2
20001 2
20041 2
20076 2
20080 2
20092 2
20097 2
20098 2
20105 2
20131 2
20132 2
20152 2
20154 2
20155 2
2016 2
20180 2
20216 2
20219 2
20220 2
20247 2
20291 2
20292 2
20304 2
2032 2
20353 2
20393 2
20405 2
20440 2
20475 2
2048 2
2049 2
20532 2
20545 2
20547 2
20549 2
20584 2
20597 2
20601 2
20610 2
20641 2
20656 2
20674 2
20680 2
20696 2
2070 2
20706 2
20717 2
20724 2
20736 2
20767 2
20778 2
20785 2
20787 2
20814 2
20822 2
20826 2
20848 2
20860 2
20971 2
20973 2
20996 2
21032 2
21081 2
21094 2
21142 2
21151 2
2118 2
21194 2
2123 2
21234 2
21291 2
21341 2
21346 2
21372 2
21391 2
2141 2
21419 2
21440 2
21450 2
21472 2
21482 2
21486 2
21487 2
2151 2
21527 2
21572 2
21576 2
21601 2
2161 2
21638 2
21732 2
21740 2
21773 2
21780 2
21781 2
21790 2
2180 2
21826 2
2183 2
21852 2
21919 2
21921 2
21931 2
2201 2
2225 2
2270 2
2324 2
2331 2
2360 2
2383 2
2493 2
2494 2
2499 2
2514 2
2551 2
2571 2
2576 2
2638 2
2697 2
2716 2
2729 2
2809 2
2811 2
2844 2
2851 2
2853 2
2943 2
2955 2
2958 2
2967 2
2975 2
2993 2
3012 2
3030 2
3040 2
3051 2
3057 2
3065 2
3097 2
3101 2
3103 2
3106 2
3110 2
3148 2
3178 2
3189 2
3190 2
3205 2
3207 2
3212 2
3216 2
3246 2
3286 2
3288 2
3294 2
3311 2
3323 2
3352 2
3354 2
3388 2
3394 2
3449 2
346 2
3473 2
3495 2
3496 2
3546 2
3556 2
3561 2
3566 2
3579 2
3580 2
3586 2
3609 2
3622 2
3623 2
3627 2
3644 2
3646 2
3680 2
3698 2
3720 2
3730 2
3732 2
3742 2
3746 2
3756 2
3769 2
3781 2
3810 2
3821 2
3823 2
3849 2
3857 2
3863 2
3864 2
3881 2
3889 2
3910 2
3911 2
3932 2
3933 2
3963 2
3968 2
3975 2
3990 2
4006 2
4017 2
4035 2
4043 2
4055 2
4096 2
4100 2
4115 2
4116 2
4118 2
4128 2
4158 2
4161 2
4167 2
4174 2
4192 2
4193 2
4194 2
4209 2
4210 2
4233 2
4260 2
4265 2
4272 2
4283 2
4284 2
4294 2
4309 2
4328 2
4334 2
4343 2
4353 2
4357 2
4365 2
4367 2
4370 2
4392 2
4394 2
4406 2
4425 2
4427 2
4439 2
4443 2
445 2
4461 2
4486 2
4508 2
4525 2
4544 2
4554 2
4577 2
4588 2
4589 2
4598 2
4603 2
4626 2
4629 2
4679 2
4686 2
4687 2
4696 2
4703 2
4708 2
4716 2
4720 2
4722 2
4752 2
4754 2
4757 2
4775 2
4810 2
4817 2
4819 2
4827 2
4828 2
4838 2
4873 2
4885 2
4918 2
4924 2
4941 2
4960 2
4966 2
4975 2
4988 2
4993 2
4995 2
5002 2
5017 2
5021 2
5039 2
5044 2
5055 2
5061 2
5065 2
5068 2
5078 2
5079 2
5098 2
51 2
5107 2
5114 2
5115 2
5116 2
5141 2
5159 2
5206 2
5212 2
5213 2
5215 2
5229 2
5233 2
5244 2
5274 2
5284 2
5292 2
5298 2
5309 2
5328 2
5329 2
5348 2
5349 2
5352 2
5353 2
5367 2
5370 2
5405 2
5426 2
5444 2
5455 2
5462 2
5484 2
5493 2
5523 2
5539 2
5549 2
5556 2
5558 2
5580 2
5582 2
5584 2
5585 2
5610 2
5611 2
5612 2
5613 2
5616 2
5631 2
5650 2
5666 2
5675 2
5693 2
5697 2
5709 2
5725 2
5726 2
5745 2
5778 2
5779 2
5783 2
5784 2
5791 2
5803 2
5805 2
5813 2
5823 2
5844 2
5854 2
5873 2
5880 2
5888 2
5899 2
5902 2
5907 2
5917 2
5921 2
5932 2
5957 2
5963 2
5970 2
5981 2
5983 2
5990 2
5992 2
5998 2
6025 2
6027 2
6028 2
6045 2
6050 2
6057 2
6068 2
6074 2
6075 2
6082 2
6095 2
6104 2
6106 2
6131 2
6139 2
6143 2
6179 2
6183 2
6195 2
6208 2
6209 2
6213 2
6214 2
6217 2
6223 2
6246 2
6263 2
6266 2
6279 2
6281 2
6284 2
6295 2
6305 2
6307 2
6312 2
6314 2
6322 2
6323 2
6346 2
6348 2
6354 2
6383 2
6386 2
6390 2
6401 2
6410 2
6425 2
6432 2
6447 2
6448 2
6460 2
6477 2
6486 2
6495 2
6505 2
6513 2
6516 2
6521 2
6522 2
6526 2
6528 2
6531 2
6533 2
6534 2
6538 2
6548 2
6550 2
6559 2
6561 2
658 2
6586 2
6589 2
6593 2
6603 2
6606 2
6616 2
6626 2
6628 2
6637 2
6649 2
6663 2
6694 2
6700 2
6707 2
6718 2
6740 2
6742 2
6746 2
6750 2
6752 2
6758 2
6759 2
6768 2
6772 2
6782 2
6834 2
6837 2
6844 2
6852 2
6856 2
6860 2
6875 2
6877 2
6879 2
6884 2
6886 2
6889 2
6892 2
6895 2
6923 2
6931 2
6942 2
695 2
6964 2
6975 2
6977 2
6979 2
6980 2
6985 2
6988 2
6993 2
7002 2
7009 2
7024 2
7025 2
7031 2
7046 2
7049 2
7050 2
7053 2
7056 2
7061 2
7066 2
7071 2
7084 2
7085 2
7093 2
7103 2
7109 2
7119 2
7133 2
7134 2
7139 2
7142 2
7148 2
7153 2
7158 2
7179 2
7182 2
7199 2
7203 2
7204 2
7206 2
7208 2
7210 2
7212 2
7227 2
7242 2
7252 2
7275 2
7283 2
7305 2
7321 2
7351 2
7353 2
7356 2
7364 2
7366 2
7371 2
7372 2
7382 2
7390 2
7392 2
7397 2
7400 2
7415 2
7423 2
743 2
7434 2
7442 2
7457 2
7461 2
7483 2
7486 2
7496 2
7502 2
7508 2
7512 2
7543 2
7544 2
7552 2
7556 2
7559 2
7560 2
7565 2
7580 2
7582 2
7595 2
7597 2
7599 2
7609 2
7611 2
7614 2
7624 2
7629 2
7630 2
7633 2
7641 2
7644 2
7655 2
7663 2
7671 2
7676 2
7680 2
7688 2
769 2
7694 2
7698 2
7701 2
7710 2
7716 2
7717 2
7723 2
7728 2
7745 2
7750 2
7758 2
7763 2
7766 2
7770 2
7771 2
7779 2
7787 2
7791 2
7808 2
7815 2
7816 2
7819 2
7821 2
7832 2
7834 2
7839 2
7840 2
7851 2
7854 2
7860 2
7873 2
7879 2
7881 2
7887 2
7890 2
7896 2
7909 2
7915 2
7917 2
7919 2
7926 2
7932 2
7935 2
7936 2
7948 2
7952 2
7953 2
7954 2
7956 2
7957 2
7960 2
7968 2
7988 2
7999 2
8010 2
8015 2
8021 2
8023 2
8025 2
8033 2
8036 2
8037 2
8041 2
8050 2
8057 2
8064 2
8065 2
8068 2
8069 2
8079 2
8096 2
8099 2
8103 2
8104 2
8112 2
8115 2
8117 2
8122 2
8127 2
8128 2
8130 2
8134 2
8135 2
8143 2
8148 2
8157 2
8158 2
8165 2
8174 2
8178 2
8179 2
8184 2
8191 2
8192 2
8193 2
8202 2
8213 2
8220 2
8222 2
8223 2
8228 2
8229 2
8230 2
8253 2
8258 2
8262 2
8267 2
8281 2
8286 2
8287 2
8289 2
8297 2
8299 2
8306 2
8307 2
8319 2
8320 2
8327 2
8328 2
8334 2
8346 2
8353 2
8361 2
8363 2
8366 2
8395 2
8398 2
8403 2
8414 2
8439 2
8454 2
8465 2
8470 2
8475 2
8485 2
8487 2
8496 2
8498 2
8502 2
8505 2
8517 2
8520 2
8522 2
8524 2
8530 2
8533 2
8535 2
8538 2
8539 2
8553 2
8555 2
8574 2
8603 2
8612 2
8613 2
8620 2
8624 2
8626 2
8630 2
8634 2
8639 2
8641 2
8645 2
865 2
8650 2
8654 2
8660 2
8667 2
8669 2
8673 2
8692 2
8695 2
8697 2
8699 2
8703 2
8713 2
8726 2
8727 2
8730 2
8735 2
8738 2
874 2
8742 2
8747 2
8750 2
8752 2
8753 2
8757 2
8766 2
8767 2
8798 2
8799 2
8801 2
8814 2
8827 2
8852 2
8857 2
8859 2
8866 2
8871 2
8874 2
8880 2
8881 2
8892 2
8893 2
8908 2
8909 2
8910 2
8916 2
8919 2
8923 2
8924 2
8925 2
8926 2
8939 2
8943 2
8944 2
8961 2
8962 2
8964 2
8968 2
8973 2
8983 2
8985 2
8988 2
8992 2
8997 2
8998 2
9003 2
9018 2
9036 2
9039 2
9041 2
9042 2
9062 2
9064 2
9070 2
9072 2
9074 2
9076 2
9085 2
9090 2
9095 2
9099 2
9117 2
9118 2
9132 2
9146 2
9154 2
9164 2
9166 2
9177 2
9185 2
9189 2
9192 2
9195 2
9197 2
9201 2
9206 2
9208 2
9219 2
9226 2
9239 2
9243 2
9244 2
9249 2
9250 2
9251 2
9259 2
9260 2
9262 2
9277 2
9292 2
9294 2
9297 2
9302 2
9312 2
9315 2
932 2
9322 2
9326 2
9328 2
9338 2
9342 2
9344 2
9365 2
9373 2
9376 2
9378 2
9379 2
9380 2
9392 2
9393 2
9398 2
9413 2
9415 2
9418 2
9422 2
9425 2
9430 2
9450 2
9454 2
9455 2
9457 2
9460 2
9472 2
9473 2
9479 2
9480 2
9487 2
9496 2
9497 2
9499 2
9510 2
9526 2
9528 2
9534 2
9536 2
9540 2
9542 2
9545 2
9551 2
9555 2
9560 2
9562 2
9565 2
9569 2
9570 2
9571 2
9581 2
9589 2
9591 2
9605 2
9629 2
9635 2
9636 2
9639 2
9643 2
9645 2
9647 2
9649 2
9651 2
9652 2
9660 2
9661 2
9662 2
9665 2
9671 2
9676 2
9677 2
9680 2
9683 2
9687 2
9690 2
9694 2
9698 2
9701 2
9702 2
9704 2
9706 2
9711 2
9716 2
9722 2
9727 2
9732 2
9737 2
9742 2
9749 2
9750 2
9754 2
9756 2
9759 2
9764 2
9770 2
9777 2
978 2
9781 2
9804 2
9806 2
9807 2
982 2
9823 2
9827 2
9828 2
9832 2
9836 2
9841 2
9847 2
9849 2
9855 2
9868 2
9871 2
9872 2
9877 2
9878 2
9886 2
9896 2
9897 2
9905 2
9912 2
9932 2
9942 2
9951 2
9952 2
9954 2
9957 2
9963 2
9965 2
9973 2
9974 2
9978 2
9991 2
9992 2
9997 2
9998 2
